timestamp,open,high,low,close,volume
2025-09-20 17:45:00+00:00,0.7189,0.725,0.7142,0.7201,2176336.0
2025-09-20 18:00:00+00:00,0.7201,0.7562,0.7199,0.7403,9775497.0
2025-09-20 18:15:00+00:00,0.7398,0.7398,0.71,0.7159,5696703.0
2025-09-20 18:30:00+00:00,0.7161,0.7385,0.714,0.7224,3621248.0
2025-09-20 18:45:00+00:00,0.7227,0.7397,0.7202,0.737,3009732.0
2025-09-20 19:00:00+00:00,0.7364,0.7397,0.7279,0.7379,2092237.0
2025-09-20 19:15:00+00:00,0.738,0.7458,0.7332,0.7432,2476706.0
2025-09-20 19:30:00+00:00,0.7432,0.7536,0.7331,0.7411,3875072.0
2025-09-20 19:45:00+00:00,0.7411,0.7462,0.73,0.7441,1465913.0
2025-09-20 20:00:00+00:00,0.744,0.7551,0.7406,0.7549,1614106.0
2025-09-20 20:15:00+00:00,0.7546,0.774,0.7497,0.7726,5323339.0
2025-09-20 20:30:00+00:00,0.7723,0.775,0.7609,0.7648,3026536.0
2025-09-20 20:45:00+00:00,0.7649,0.7746,0.745,0.7496,3098175.0
2025-09-20 21:00:00+00:00,0.7497,0.7766,0.7462,0.7748,3149474.0
2025-09-20 21:15:00+00:00,0.775,0.783,0.7589,0.7654,5026703.0
2025-09-20 21:30:00+00:00,0.7654,0.7766,0.7554,0.7704,2887667.0
2025-09-20 21:45:00+00:00,0.7703,0.7822,0.7672,0.7796,2465031.0
2025-09-20 22:00:00+00:00,0.7795,0.7805,0.7701,0.7707,1880666.0
2025-09-20 22:15:00+00:00,0.7706,0.7755,0.7652,0.7701,1551165.0
2025-09-20 22:30:00+00:00,0.7702,0.7872,0.7623,0.7793,3214355.0
2025-09-20 22:45:00+00:00,0.7794,0.7819,0.7701,0.7763,1427167.0
2025-09-20 23:00:00+00:00,0.7765,0.7866,0.7765,0.7825,1851809.0
2025-09-20 23:15:00+00:00,0.7828,0.7867,0.7653,0.7804,2643419.0
2025-09-20 23:30:00+00:00,0.7801,0.7862,0.7722,0.7723,2061984.0
2025-09-20 23:45:00+00:00,0.7723,0.7843,0.7682,0.7755,2045144.0
2025-09-21 00:00:00+00:00,0.7756,0.7818,0.7705,0.7751,1431912.0
2025-09-21 00:15:00+00:00,0.775,0.7864,0.7692,0.7735,2121795.0
2025-09-21 00:30:00+00:00,0.7734,0.7742,0.7407,0.7473,6060122.0
2025-09-21 00:45:00+00:00,0.7472,0.7531,0.7432,0.7504,1741198.0
2025-09-21 01:00:00+00:00,0.7505,0.7588,0.7433,0.7545,3832482.0
2025-09-21 01:15:00+00:00,0.7548,0.7627,0.7303,0.7425,5548004.0
2025-09-21 01:30:00+00:00,0.7429,0.7552,0.7399,0.7542,2828487.0
2025-09-21 01:45:00+00:00,0.7543,0.7589,0.748,0.757,2053760.0
2025-09-21 02:00:00+00:00,0.757,0.7585,0.7352,0.7377,2954017.0
2025-09-21 02:15:00+00:00,0.7376,0.74,0.733,0.7398,2228217.0
2025-09-21 02:30:00+00:00,0.7397,0.7462,0.7336,0.7419,2080476.0
2025-09-21 02:45:00+00:00,0.7419,0.7512,0.7406,0.7493,831415.0
2025-09-21 03:00:00+00:00,0.7492,0.7692,0.747,0.7683,2141775.0
2025-09-21 03:15:00+00:00,0.7681,0.77,0.7547,0.7671,1457526.0
2025-09-21 03:30:00+00:00,0.7672,0.7696,0.763,0.7665,1032791.0
2025-09-21 03:45:00+00:00,0.7664,0.776,0.765,0.7728,2320025.0
2025-09-21 04:00:00+00:00,0.7729,0.7731,0.7601,0.7664,1628756.0
2025-09-21 04:15:00+00:00,0.7662,0.7677,0.7493,0.7493,2525552.0
2025-09-21 04:30:00+00:00,0.7492,0.7508,0.737,0.7415,2278145.0
2025-09-21 04:45:00+00:00,0.7416,0.75,0.7322,0.7411,2723353.0
2025-09-21 05:00:00+00:00,0.7414,0.7552,0.74,0.7504,1281810.0
2025-09-21 05:15:00+00:00,0.7502,0.7556,0.746,0.7529,833498.0
2025-09-21 05:30:00+00:00,0.7529,0.76,0.7477,0.7592,979104.0
2025-09-21 05:45:00+00:00,0.7592,0.7678,0.7546,0.7652,1231243.0
2025-09-21 06:00:00+00:00,0.7651,0.7668,0.73,0.7473,4962673.0
2025-09-21 06:15:00+00:00,0.7474,0.754,0.746,0.7518,1166719.0
2025-09-21 06:30:00+00:00,0.7518,0.76,0.7459,0.7519,1456786.0
2025-09-21 06:45:00+00:00,0.7521,0.7702,0.7455,0.7607,2165413.0
2025-09-21 07:00:00+00:00,0.7607,0.7656,0.749,0.749,2534056.0
2025-09-21 07:15:00+00:00,0.749,0.7549,0.738,0.75,1532754.0
2025-09-21 07:30:00+00:00,0.7501,0.7554,0.7404,0.7483,1661368.0
2025-09-21 07:45:00+00:00,0.7485,0.7521,0.7201,0.7239,4938036.0
2025-09-21 08:00:00+00:00,0.7238,0.7381,0.7216,0.7358,2724226.0
2025-09-21 08:15:00+00:00,0.7357,0.7384,0.7295,0.7347,1450603.0
2025-09-21 08:30:00+00:00,0.7347,0.7368,0.7315,0.7358,896355.0
2025-09-21 08:45:00+00:00,0.7358,0.762,0.7338,0.7567,1993535.0
2025-09-21 09:00:00+00:00,0.7564,0.7711,0.75,0.7681,4768665.0
2025-09-21 09:15:00+00:00,0.7681,0.7683,0.7483,0.7504,3550401.0
2025-09-21 09:30:00+00:00,0.7503,0.7658,0.7348,0.7628,5108532.0
2025-09-21 09:45:00+00:00,0.7629,0.7642,0.7502,0.755,2464980.0
2025-09-21 10:00:00+00:00,0.7549,0.7584,0.749,0.756,1615442.0
2025-09-21 10:15:00+00:00,0.7561,0.7612,0.7512,0.7521,850382.0
2025-09-21 10:30:00+00:00,0.7518,0.7528,0.7364,0.7446,1899985.0
2025-09-21 10:45:00+00:00,0.7445,0.7462,0.7383,0.7446,802089.0
2025-09-21 11:00:00+00:00,0.7446,0.7448,0.7386,0.7426,677911.0
2025-09-21 11:15:00+00:00,0.7426,0.7426,0.7341,0.7388,981480.0
2025-09-21 11:30:00+00:00,0.7386,0.7421,0.7341,0.7392,697798.0
2025-09-21 11:45:00+00:00,0.7394,0.7422,0.7323,0.738,861798.0
2025-09-21 12:00:00+00:00,0.7379,0.7436,0.7361,0.7421,749490.0
2025-09-21 12:15:00+00:00,0.7421,0.7449,0.7337,0.7342,622324.0
2025-09-21 12:30:00+00:00,0.7342,0.7383,0.731,0.736,715391.0
2025-09-21 12:45:00+00:00,0.736,0.7386,0.7324,0.7354,674199.0
2025-09-21 13:00:00+00:00,0.7355,0.7406,0.7352,0.74,729757.0
2025-09-21 13:15:00+00:00,0.74,0.7472,0.7361,0.7447,1268207.0
2025-09-21 13:30:00+00:00,0.7444,0.7485,0.743,0.7448,567539.0
2025-09-21 13:45:00+00:00,0.7449,0.7471,0.7417,0.7463,873808.0
2025-09-21 14:00:00+00:00,0.7463,0.7475,0.7405,0.7408,771126.0
2025-09-21 14:15:00+00:00,0.7407,0.7416,0.7262,0.731,2501340.0
2025-09-21 14:30:00+00:00,0.731,0.7359,0.725,0.7269,1614371.0
2025-09-21 14:45:00+00:00,0.7269,0.731,0.725,0.7256,809915.0
2025-09-21 15:00:00+00:00,0.7255,0.7403,0.725,0.732,2244326.0
2025-09-21 15:15:00+00:00,0.7323,0.7388,0.7313,0.7365,762682.0
2025-09-21 15:30:00+00:00,0.7365,0.74,0.7325,0.7379,846825.0
2025-09-21 15:45:00+00:00,0.738,0.7428,0.7346,0.7369,1812499.0
2025-09-21 16:00:00+00:00,0.7369,0.7392,0.7315,0.7318,855420.0
2025-09-21 16:15:00+00:00,0.7317,0.7325,0.7226,0.726,1425364.0
2025-09-21 16:30:00+00:00,0.7259,0.7283,0.7203,0.7238,1386433.0
2025-09-21 16:45:00+00:00,0.7239,0.7285,0.7128,0.717,2712663.0
2025-09-21 17:00:00+00:00,0.7173,0.718,0.6952,0.7027,4386146.0
2025-09-21 17:15:00+00:00,0.7027,0.7073,0.6933,0.6952,1833009.0
2025-09-21 17:30:00+00:00,0.6951,0.7218,0.687,0.7188,5289493.0
2025-09-21 17:45:00+00:00,0.7188,0.721,0.713,0.7169,1082448.0
2025-09-21 18:00:00+00:00,0.7168,0.7312,0.7164,0.722,1449834.0
2025-09-21 18:15:00+00:00,0.7217,0.7308,0.7212,0.7277,591936.0
2025-09-21 18:30:00+00:00,0.7276,0.7301,0.7262,0.7285,296051.0
2025-09-21 18:45:00+00:00,0.7284,0.7414,0.7275,0.7384,1646326.0
2025-09-21 19:00:00+00:00,0.7385,0.7391,0.7273,0.7355,1466506.0
2025-09-21 19:15:00+00:00,0.7355,0.7431,0.7334,0.7412,1618663.0
2025-09-21 19:30:00+00:00,0.7412,0.7544,0.737,0.748,3547101.0
2025-09-21 19:45:00+00:00,0.7479,0.7526,0.747,0.7526,1156526.0
2025-09-21 20:00:00+00:00,0.7525,0.7526,0.7379,0.7422,1189841.0
2025-09-21 20:15:00+00:00,0.7422,0.7422,0.7369,0.7402,545509.0
2025-09-21 20:30:00+00:00,0.7401,0.7416,0.731,0.7321,1106972.0
2025-09-21 20:45:00+00:00,0.7322,0.7352,0.7315,0.7328,251774.0
2025-09-21 21:00:00+00:00,0.7327,0.7339,0.7275,0.7281,476256.0
2025-09-21 21:15:00+00:00,0.7282,0.7283,0.7155,0.7195,2071483.0
2025-09-21 21:30:00+00:00,0.7195,0.72,0.7184,0.7199,438993.0
2025-09-21 21:45:00+00:00,0.7199,0.72,0.717,0.7183,234127.0
2025-09-21 22:00:00+00:00,0.7182,0.72,0.7163,0.7173,858520.0
2025-09-21 22:15:00+00:00,0.7173,0.7186,0.7162,0.7175,419224.0
2025-09-21 22:30:00+00:00,0.7175,0.7183,0.7143,0.7175,537095.0
2025-09-21 22:45:00+00:00,0.7174,0.7197,0.7163,0.7169,578403.0
2025-09-21 23:00:00+00:00,0.717,0.7183,0.712,0.7154,762132.0
2025-09-21 23:15:00+00:00,0.7155,0.7179,0.714,0.7164,438678.0
2025-09-21 23:30:00+00:00,0.7164,0.7164,0.7112,0.7124,366983.0
2025-09-21 23:45:00+00:00,0.7123,0.7145,0.7111,0.7138,319567.0
2025-09-22 00:00:00+00:00,0.714,0.7234,0.7109,0.7116,1146016.0
2025-09-22 00:15:00+00:00,0.7118,0.7119,0.6964,0.6992,2705973.0
2025-09-22 00:30:00+00:00,0.6991,0.7072,0.6954,0.6989,1862754.0
2025-09-22 00:45:00+00:00,0.6987,0.7018,0.6945,0.6971,1514392.0
2025-09-22 01:00:00+00:00,0.6971,0.7021,0.696,0.6993,992573.0
2025-09-22 01:15:00+00:00,0.6992,0.7019,0.6981,0.7008,487952.0
2025-09-22 01:30:00+00:00,0.7008,0.7024,0.6984,0.6996,825622.0
2025-09-22 01:45:00+00:00,0.6996,0.702,0.6976,0.6978,310361.0
2025-09-22 02:00:00+00:00,0.6979,0.7007,0.6929,0.6942,766211.0
2025-09-22 02:15:00+00:00,0.6943,0.6945,0.6759,0.6853,4562051.0
2025-09-22 02:30:00+00:00,0.6852,0.6926,0.6834,0.6887,1370484.0
2025-09-22 02:45:00+00:00,0.6887,0.6952,0.684,0.6879,1507406.0
2025-09-22 03:00:00+00:00,0.6879,0.6951,0.6844,0.6933,1016306.0
2025-09-22 03:15:00+00:00,0.6933,0.7125,0.6925,0.7037,2392852.0
2025-09-22 03:30:00+00:00,0.7037,0.7092,0.695,0.7,1946364.0
2025-09-22 03:45:00+00:00,0.7,0.7196,0.6999,0.7196,1609498.0
2025-09-22 04:00:00+00:00,0.7194,0.7198,0.7064,0.7073,1317847.0
2025-09-22 04:15:00+00:00,0.7071,0.7125,0.7017,0.7121,1316793.0
2025-09-22 04:30:00+00:00,0.712,0.7186,0.7119,0.7186,1470465.0
2025-09-22 04:45:00+00:00,0.7183,0.73,0.7175,0.7298,2543162.0
2025-09-22 05:00:00+00:00,0.7298,0.73,0.7231,0.7264,1754013.0
2025-09-22 05:15:00+00:00,0.7264,0.7314,0.7154,0.7239,2605582.0
2025-09-22 05:30:00+00:00,0.7239,0.7239,0.7101,0.7118,1637896.0
2025-09-22 05:45:00+00:00,0.7117,0.7151,0.7081,0.7102,1058548.0
2025-09-22 06:00:00+00:00,0.7105,0.7176,0.6706,0.7143,10817102.0
2025-09-22 06:15:00+00:00,0.7141,0.7346,0.7072,0.7157,8040752.0
2025-09-22 06:30:00+00:00,0.7157,0.7665,0.7125,0.764,10004937.0
2025-09-22 06:45:00+00:00,0.7639,0.764,0.7272,0.7407,5600976.0
2025-09-22 07:00:00+00:00,0.7408,0.7499,0.7372,0.7448,2304809.0
2025-09-22 07:15:00+00:00,0.7446,0.7541,0.7439,0.7517,1759474.0
2025-09-22 07:30:00+00:00,0.7515,0.7518,0.7237,0.7387,3589541.0
2025-09-22 07:45:00+00:00,0.7385,0.7451,0.7325,0.7337,1704268.0
2025-09-22 08:00:00+00:00,0.7339,0.7467,0.7279,0.7451,2031082.0
2025-09-22 08:15:00+00:00,0.745,0.7514,0.7387,0.7447,1891524.0
2025-09-22 08:30:00+00:00,0.7448,0.7452,0.7301,0.7406,1937086.0
2025-09-22 08:45:00+00:00,0.7405,0.7452,0.731,0.7319,1743877.0
2025-09-22 09:00:00+00:00,0.7319,0.742,0.7307,0.7413,1069361.0
2025-09-22 09:15:00+00:00,0.7413,0.7458,0.74,0.7406,1217625.0
2025-09-22 09:30:00+00:00,0.7407,0.7417,0.7163,0.7224,5096379.0
2025-09-22 09:45:00+00:00,0.7227,0.7241,0.7123,0.7179,3233468.0
2025-09-22 10:00:00+00:00,0.718,0.7271,0.7175,0.7218,1270072.0
2025-09-22 10:15:00+00:00,0.7218,0.7218,0.7104,0.717,1540930.0
2025-09-22 10:30:00+00:00,0.7171,0.7174,0.7107,0.7153,897150.0
2025-09-22 10:45:00+00:00,0.7151,0.7279,0.7151,0.7231,862848.0
2025-09-22 11:00:00+00:00,0.723,0.725,0.718,0.7197,858257.0
2025-09-22 11:15:00+00:00,0.72,0.7223,0.7162,0.7195,763330.0
2025-09-22 11:30:00+00:00,0.7194,0.7251,0.7129,0.7234,1527482.0
2025-09-22 11:45:00+00:00,0.7235,0.7277,0.717,0.7192,1674663.0
2025-09-22 12:00:00+00:00,0.7192,0.7409,0.7192,0.7352,2316022.0
2025-09-22 12:15:00+00:00,0.7347,0.7466,0.7323,0.7456,1552520.0
2025-09-22 12:30:00+00:00,0.7457,0.7476,0.7302,0.7383,1876159.0
2025-09-22 12:45:00+00:00,0.738,0.7565,0.7323,0.7533,2183351.0
2025-09-22 13:00:00+00:00,0.7533,0.8059,0.7448,0.8036,28945299.0
2025-09-22 13:15:00+00:00,0.8035,0.839,0.7718,0.7859,25425383.0
2025-09-22 13:30:00+00:00,0.7859,0.7887,0.77,0.7743,6980279.0
2025-09-22 13:45:00+00:00,0.7746,0.7943,0.7501,0.7935,12858676.0
2025-09-22 14:00:00+00:00,0.7937,0.81,0.7841,0.8019,8586154.0
2025-09-22 14:15:00+00:00,0.8019,0.81,0.755,0.7686,12375658.0
2025-09-22 14:30:00+00:00,0.7685,0.7862,0.763,0.7658,5843475.0
2025-09-22 14:45:00+00:00,0.7658,0.7746,0.7566,0.7622,4713560.0
2025-09-22 15:00:00+00:00,0.762,0.7862,0.758,0.7802,5314702.0
2025-09-22 15:15:00+00:00,0.7801,0.7918,0.7617,0.7895,3746780.0
2025-09-22 15:30:00+00:00,0.7896,0.7915,0.7786,0.7804,2206029.0
2025-09-22 15:45:00+00:00,0.7804,0.7943,0.7722,0.7933,3044916.0
2025-09-22 16:00:00+00:00,0.7934,0.81,0.7896,0.8073,5369413.0
2025-09-22 16:15:00+00:00,0.807,0.812,0.7916,0.8076,5512062.0
2025-09-22 16:30:00+00:00,0.8077,0.8103,0.79,0.7957,4435343.0
2025-09-22 16:45:00+00:00,0.7958,0.8116,0.7946,0.81,2636259.0
2025-09-22 17:00:00+00:00,0.8099,0.8188,0.7935,0.7994,6064965.0
2025-09-22 17:15:00+00:00,0.7993,0.8042,0.7775,0.7934,4343429.0
2025-09-22 17:30:00+00:00,0.7933,0.8104,0.7923,0.8098,2426439.0
2025-09-22 17:45:00+00:00,0.8098,0.8222,0.7984,0.8215,4758067.0
2025-09-22 18:00:00+00:00,0.8214,0.8441,0.8136,0.8237,12147270.0
2025-09-22 18:15:00+00:00,0.8236,0.8311,0.8115,0.821,4930677.0
2025-09-22 18:30:00+00:00,0.8211,0.8352,0.8091,0.823,6657947.0
2025-09-22 18:45:00+00:00,0.823,0.8231,0.791,0.8114,5445837.0
2025-09-22 19:00:00+00:00,0.8113,0.8214,0.7946,0.8036,4293760.0
2025-09-22 19:15:00+00:00,0.8038,0.8095,0.7972,0.798,2259487.0
2025-09-22 19:30:00+00:00,0.798,0.8141,0.7891,0.8124,3544320.0
2025-09-22 19:45:00+00:00,0.8124,0.8304,0.8055,0.817,2329562.0
2025-09-22 20:00:00+00:00,0.817,0.824,0.7934,0.8,2444956.0
2025-09-22 20:15:00+00:00,0.8,0.8048,0.795,0.8007,1234495.0
2025-09-22 20:30:00+00:00,0.8006,0.8038,0.7866,0.7884,1514014.0
2025-09-22 20:45:00+00:00,0.7884,0.7908,0.7761,0.7771,2631502.0
2025-09-22 21:00:00+00:00,0.777,0.7893,0.775,0.782,2191341.0
2025-09-22 21:15:00+00:00,0.7821,0.7938,0.7798,0.7913,853961.0
2025-09-22 21:30:00+00:00,0.7914,0.7938,0.7863,0.79,761455.0
2025-09-22 21:45:00+00:00,0.79,0.8038,0.7892,0.8037,1355744.0
2025-09-22 22:00:00+00:00,0.8037,0.8111,0.7983,0.8075,1737193.0
2025-09-22 22:15:00+00:00,0.8075,0.819,0.8046,0.8158,2604421.0
2025-09-22 22:30:00+00:00,0.8158,0.8236,0.8142,0.8198,2938725.0
2025-09-22 22:45:00+00:00,0.8198,0.84,0.8195,0.8358,5007869.0
2025-09-22 23:00:00+00:00,0.8357,0.8439,0.8138,0.8219,4774121.0
2025-09-22 23:15:00+00:00,0.8221,0.8237,0.8111,0.8135,2214268.0
2025-09-22 23:30:00+00:00,0.8137,0.8161,0.8002,0.8116,2887969.0
2025-09-22 23:45:00+00:00,0.8117,0.8154,0.8027,0.8044,1388172.0
2025-09-23 00:00:00+00:00,0.8042,0.8159,0.7993,0.8006,1720483.0
2025-09-23 00:15:00+00:00,0.8007,0.8103,0.7837,0.7887,3663186.0
2025-09-23 00:30:00+00:00,0.7886,0.8002,0.78,0.7819,2422398.0
2025-09-23 00:45:00+00:00,0.7821,0.7838,0.7782,0.7786,1188077.0
2025-09-23 01:00:00+00:00,0.7786,0.7853,0.776,0.7774,2331274.0
2025-09-23 01:15:00+00:00,0.7771,0.7898,0.7702,0.7785,3051954.0
2025-09-23 01:30:00+00:00,0.7786,0.7916,0.7661,0.7892,3389085.0
2025-09-23 01:45:00+00:00,0.7892,0.8004,0.7838,0.7976,2792939.0
2025-09-23 02:00:00+00:00,0.7982,0.8092,0.7862,0.7955,2776666.0
2025-09-23 02:15:00+00:00,0.7956,0.7967,0.7866,0.7901,1725859.0
2025-09-23 02:30:00+00:00,0.79,0.7942,0.7838,0.7887,1252124.0
2025-09-23 02:45:00+00:00,0.7887,0.7897,0.7733,0.7743,2151111.0
2025-09-23 03:00:00+00:00,0.7743,0.792,0.7666,0.7876,4280874.0
2025-09-23 03:15:00+00:00,0.7875,0.8086,0.7837,0.8069,3409640.0
2025-09-23 03:30:00+00:00,0.8068,0.8197,0.805,0.8106,4425156.0
2025-09-23 03:45:00+00:00,0.8106,0.8141,0.7934,0.8106,3036535.0
2025-09-23 04:00:00+00:00,0.8103,0.8175,0.8026,0.8119,3329651.0
2025-09-23 04:15:00+00:00,0.8117,0.812,0.7973,0.8012,2058503.0
2025-09-23 04:30:00+00:00,0.8014,0.8026,0.7912,0.7975,1448541.0
2025-09-23 04:45:00+00:00,0.7976,0.8128,0.7933,0.8036,2206481.0
2025-09-23 05:00:00+00:00,0.8042,0.8042,0.7784,0.7857,2875787.0
2025-09-23 05:15:00+00:00,0.7857,0.7903,0.7759,0.7778,1937607.0
2025-09-23 05:30:00+00:00,0.7777,0.7809,0.7704,0.7706,2241668.0
2025-09-23 05:45:00+00:00,0.7707,0.7805,0.7705,0.7761,2137483.0
2025-09-23 06:00:00+00:00,0.776,0.7848,0.7752,0.7825,1871342.0
2025-09-23 06:15:00+00:00,0.7825,0.7847,0.75,0.7602,6794221.0
2025-09-23 06:30:00+00:00,0.7605,0.7814,0.7604,0.7744,4571453.0
2025-09-23 06:45:00+00:00,0.7745,0.7778,0.7667,0.7702,1332617.0
2025-09-23 07:00:00+00:00,0.7704,0.7777,0.7637,0.7749,1572062.0
2025-09-23 07:15:00+00:00,0.7748,0.7863,0.7742,0.7835,1584030.0
2025-09-23 07:30:00+00:00,0.7834,0.7868,0.781,0.7812,1254850.0
2025-09-23 07:45:00+00:00,0.7812,0.8003,0.7812,0.7915,2785676.0
2025-09-23 08:00:00+00:00,0.7917,0.804,0.7868,0.7959,2182696.0
2025-09-23 08:15:00+00:00,0.796,0.8066,0.7882,0.79,2596987.0
2025-09-23 08:30:00+00:00,0.7899,0.8081,0.7871,0.8006,2353345.0
2025-09-23 08:45:00+00:00,0.8005,0.8015,0.792,0.7944,1216940.0
2025-09-23 09:00:00+00:00,0.7944,0.8026,0.7842,0.7955,2223864.0
2025-09-23 09:15:00+00:00,0.7954,0.8039,0.7861,0.7893,2060165.0
2025-09-23 09:30:00+00:00,0.7893,0.79,0.7808,0.7819,1511187.0
2025-09-23 09:45:00+00:00,0.7819,0.7888,0.7808,0.7841,842546.0
2025-09-23 10:00:00+00:00,0.7841,0.7945,0.7813,0.7943,1335025.0
2025-09-23 10:15:00+00:00,0.7941,0.8012,0.7905,0.799,1805788.0
2025-09-23 10:30:00+00:00,0.7989,0.8026,0.786,0.7891,1633058.0
2025-09-23 10:45:00+00:00,0.7892,0.7918,0.7848,0.787,526820.0
2025-09-23 11:00:00+00:00,0.787,0.7872,0.7762,0.7778,1221279.0
2025-09-23 11:15:00+00:00,0.7777,0.7793,0.7702,0.772,1754429.0
2025-09-23 11:30:00+00:00,0.772,0.7832,0.7716,0.7805,992037.0
2025-09-23 11:45:00+00:00,0.7806,0.7809,0.7727,0.7753,848806.0
2025-09-23 12:00:00+00:00,0.7754,0.7779,0.7676,0.7749,1865877.0
2025-09-23 12:15:00+00:00,0.7748,0.7904,0.7601,0.7652,4575123.0
2025-09-23 12:30:00+00:00,0.7653,0.7693,0.7457,0.7686,3731807.0
2025-09-23 12:45:00+00:00,0.7684,0.7737,0.7645,0.7693,1539228.0
2025-09-23 13:00:00+00:00,0.7694,0.7845,0.743,0.7792,10920764.0
2025-09-23 13:15:00+00:00,0.7793,0.7802,0.7691,0.7704,3801074.0
2025-09-23 13:30:00+00:00,0.7706,0.7976,0.7655,0.786,4005799.0
2025-09-23 13:45:00+00:00,0.7861,0.7866,0.7678,0.7759,2089306.0
2025-09-23 14:00:00+00:00,0.7759,0.782,0.7697,0.7777,2296471.0
2025-09-23 14:15:00+00:00,0.7776,0.7801,0.7762,0.7765,1724297.0
2025-09-23 14:30:00+00:00,0.7765,0.7852,0.7591,0.7634,4627171.0
2025-09-23 14:45:00+00:00,0.7635,0.7677,0.7504,0.7617,5507759.0
2025-09-23 15:00:00+00:00,0.7617,0.7661,0.7545,0.7621,2961548.0
2025-09-23 15:15:00+00:00,0.7622,0.7899,0.7573,0.7759,8733952.0
2025-09-23 15:30:00+00:00,0.776,0.7783,0.7598,0.7635,3464164.0
2025-09-23 15:45:00+00:00,0.7635,0.7732,0.76,0.7724,3139353.0
2025-09-23 16:00:00+00:00,0.7723,0.7839,0.7586,0.78,3601797.0
2025-09-23 16:15:00+00:00,0.7799,0.783,0.7624,0.7687,4230086.0
2025-09-23 16:30:00+00:00,0.7688,0.77,0.7536,0.7584,3318760.0
2025-09-23 16:45:00+00:00,0.7585,0.7602,0.7507,0.7508,2558961.0
2025-09-23 17:00:00+00:00,0.7509,0.7521,0.741,0.7446,3278660.0
2025-09-23 17:15:00+00:00,0.7448,0.7553,0.741,0.7517,2327689.0
2025-09-23 17:30:00+00:00,0.7517,0.7712,0.7472,0.7481,4561607.0
2025-09-23 17:45:00+00:00,0.748,0.756,0.743,0.7446,1852449.0
2025-09-23 18:00:00+00:00,0.7448,0.7473,0.7402,0.7421,1613227.0
2025-09-23 18:15:00+00:00,0.7423,0.7431,0.7268,0.7299,6525595.0
2025-09-23 18:30:00+00:00,0.7299,0.7358,0.726,0.7269,2107708.0
2025-09-23 18:45:00+00:00,0.7269,0.7391,0.7211,0.7349,2614195.0
2025-09-23 19:00:00+00:00,0.7346,0.7414,0.725,0.7253,3000006.0
2025-09-23 19:15:00+00:00,0.7253,0.7296,0.7165,0.7171,3155114.0
2025-09-23 19:30:00+00:00,0.7172,0.7194,0.7055,0.7066,4432978.0
2025-09-23 19:45:00+00:00,0.7068,0.7179,0.6956,0.7029,6873590.0
2025-09-23 20:00:00+00:00,0.7031,0.76,0.7031,0.7476,16242593.0
2025-09-23 20:15:00+00:00,0.7477,0.7545,0.7248,0.7269,5310628.0
2025-09-23 20:30:00+00:00,0.7265,0.7312,0.7142,0.7177,2239263.0
2025-09-23 20:45:00+00:00,0.7176,0.7184,0.6976,0.7098,4765370.0
2025-09-23 21:00:00+00:00,0.7098,0.715,0.7023,0.7052,1101559.0
2025-09-23 21:15:00+00:00,0.7053,0.716,0.7033,0.7138,1324078.0
2025-09-23 21:30:00+00:00,0.714,0.7224,0.7107,0.7122,1088336.0
2025-09-23 21:45:00+00:00,0.7124,0.7197,0.7081,0.7183,1660702.0
2025-09-23 22:00:00+00:00,0.7182,0.7232,0.7029,0.7121,2763719.0
2025-09-23 22:15:00+00:00,0.7122,0.7125,0.6933,0.6939,2325558.0
2025-09-23 22:30:00+00:00,0.694,0.7005,0.6858,0.6865,5039878.0
2025-09-23 22:45:00+00:00,0.6864,0.6989,0.6855,0.6959,1885511.0
2025-09-23 23:00:00+00:00,0.6958,0.6968,0.6864,0.6885,1644444.0
2025-09-23 23:15:00+00:00,0.6884,0.6937,0.6855,0.6878,1893994.0
2025-09-23 23:30:00+00:00,0.6878,0.6938,0.687,0.6877,1963206.0
2025-09-23 23:45:00+00:00,0.6878,0.6888,0.6811,0.6826,2343873.0
2025-09-24 00:00:00+00:00,0.6828,0.7026,0.6818,0.701,3685468.0
2025-09-24 00:15:00+00:00,0.701,0.7153,0.6984,0.7124,4262355.0
2025-09-24 00:30:00+00:00,0.7122,0.721,0.7095,0.719,3110207.0
2025-09-24 00:45:00+00:00,0.7192,0.7316,0.7077,0.7081,4357834.0
2025-09-24 01:00:00+00:00,0.7082,0.7118,0.7021,0.704,1770058.0
2025-09-24 01:15:00+00:00,0.7039,0.7164,0.7002,0.7057,2668391.0
2025-09-24 01:30:00+00:00,0.7059,0.71,0.688,0.6888,2665141.0
2025-09-24 01:45:00+00:00,0.6889,0.6962,0.6868,0.6881,2230983.0
2025-09-24 02:00:00+00:00,0.6882,0.6905,0.6828,0.6844,3035426.0
2025-09-24 02:15:00+00:00,0.6846,0.6863,0.6733,0.6747,4990588.0
2025-09-24 02:30:00+00:00,0.6747,0.6858,0.6666,0.6819,5779107.0
2025-09-24 02:45:00+00:00,0.682,0.6944,0.6808,0.6892,4949707.0
2025-09-24 03:00:00+00:00,0.6894,0.6934,0.6814,0.6825,2972365.0
2025-09-24 03:15:00+00:00,0.6828,0.6852,0.6723,0.6735,2374490.0
2025-09-24 03:30:00+00:00,0.6737,0.6792,0.6726,0.6742,2122540.0
2025-09-24 03:45:00+00:00,0.6742,0.6751,0.6581,0.6618,5683598.0
2025-09-24 04:00:00+00:00,0.6619,0.6718,0.6567,0.6699,4641949.0
2025-09-24 04:15:00+00:00,0.67,0.675,0.6595,0.6686,3932445.0
2025-09-24 04:30:00+00:00,0.6686,0.6887,0.6666,0.6783,4994493.0
2025-09-24 04:45:00+00:00,0.6783,0.6793,0.6678,0.6694,2827050.0
2025-09-24 05:00:00+00:00,0.6691,0.676,0.6622,0.666,2632958.0
2025-09-24 05:15:00+00:00,0.6659,0.6763,0.6647,0.6723,2203383.0
2025-09-24 05:30:00+00:00,0.6724,0.6768,0.6685,0.6685,2255278.0
2025-09-24 05:45:00+00:00,0.6687,0.6856,0.668,0.6726,3235997.0
2025-09-24 06:00:00+00:00,0.6726,0.7042,0.6714,0.6892,7874193.0
2025-09-24 06:15:00+00:00,0.689,0.6951,0.6839,0.6888,1984541.0
2025-09-24 06:30:00+00:00,0.6888,0.6941,0.6796,0.6909,2770488.0
2025-09-24 06:45:00+00:00,0.691,0.6985,0.6906,0.6974,2056319.0
2025-09-24 07:00:00+00:00,0.6974,0.7066,0.6934,0.7027,2768451.0
2025-09-24 07:15:00+00:00,0.7027,0.7136,0.695,0.695,4109644.0
2025-09-24 07:30:00+00:00,0.6953,0.6991,0.6891,0.6985,2104068.0
2025-09-24 07:45:00+00:00,0.6984,0.7125,0.6982,0.7037,3168850.0
2025-09-24 08:00:00+00:00,0.7039,0.735,0.6863,0.7033,29792248.0
2025-09-24 08:15:00+00:00,0.7033,0.7065,0.6904,0.6919,7819255.0
2025-09-24 08:30:00+00:00,0.6919,0.7046,0.69,0.7031,7668278.0
2025-09-24 08:45:00+00:00,0.703,0.7095,0.68,0.6834,8957628.0
2025-09-24 09:00:00+00:00,0.6836,0.6907,0.67,0.6838,7455477.0
2025-09-24 09:15:00+00:00,0.6838,0.6962,0.6816,0.683,4884547.0
2025-09-24 09:30:00+00:00,0.683,0.697,0.6785,0.6938,5824557.0
2025-09-24 09:45:00+00:00,0.6938,0.7088,0.6925,0.7057,8310828.0
2025-09-24 10:00:00+00:00,0.7059,0.7419,0.7029,0.733,13172556.0
2025-09-24 10:15:00+00:00,0.7332,0.7349,0.7064,0.7067,6332303.0
2025-09-24 10:30:00+00:00,0.7067,0.7123,0.6977,0.7073,5254755.0
2025-09-24 10:45:00+00:00,0.7074,0.7234,0.7025,0.7212,4433744.0
2025-09-24 11:00:00+00:00,0.7213,0.7266,0.7119,0.7247,4831210.0
2025-09-24 11:15:00+00:00,0.7246,0.7263,0.7123,0.7189,2803025.0
2025-09-24 11:30:00+00:00,0.7188,0.7238,0.712,0.7189,3887880.0
2025-09-24 11:45:00+00:00,0.7188,0.7259,0.7171,0.7244,2532310.0
2025-09-24 12:00:00+00:00,0.7245,0.7286,0.7133,0.7158,3517888.0
2025-09-24 12:15:00+00:00,0.7159,0.7219,0.7093,0.7101,1996899.0
2025-09-24 12:30:00+00:00,0.71,0.7107,0.6973,0.7046,3936410.0
2025-09-24 12:45:00+00:00,0.7046,0.7129,0.6912,0.7039,4347239.0
2025-09-24 13:00:00+00:00,0.7039,0.7148,0.6974,0.6987,3743841.0
2025-09-24 13:15:00+00:00,0.6987,0.7064,0.6873,0.704,4310122.0
2025-09-24 13:30:00+00:00,0.7038,0.7076,0.6963,0.7015,2768130.0
2025-09-24 13:45:00+00:00,0.7016,0.7126,0.6852,0.6935,6371301.0
2025-09-24 14:00:00+00:00,0.6935,0.7093,0.6913,0.7075,3158069.0
2025-09-24 14:15:00+00:00,0.7074,0.7108,0.6957,0.7054,3284849.0
2025-09-24 14:30:00+00:00,0.7054,0.72,0.7005,0.705,2919614.0
2025-09-24 14:45:00+00:00,0.7049,0.7098,0.6934,0.6975,2542564.0
2025-09-24 15:00:00+00:00,0.6972,0.7031,0.6956,0.6992,2049906.0
2025-09-24 15:15:00+00:00,0.6992,0.7108,0.6992,0.7004,3290015.0
2025-09-24 15:30:00+00:00,0.7004,0.703,0.686,0.6965,3904807.0
2025-09-24 15:45:00+00:00,0.6965,0.6994,0.6906,0.6936,1366990.0
2025-09-24 16:00:00+00:00,0.6935,0.697,0.6868,0.696,3204266.0
2025-09-24 16:15:00+00:00,0.6959,0.702,0.6942,0.6994,1721610.0
2025-09-24 16:30:00+00:00,0.6993,0.7068,0.6987,0.7027,3313719.0
2025-09-24 16:45:00+00:00,0.7027,0.7183,0.6979,0.7129,4152549.0
2025-09-24 17:00:00+00:00,0.7129,0.725,0.7056,0.7182,3612186.0
2025-09-24 17:15:00+00:00,0.7178,0.7398,0.7127,0.7376,7909015.0
2025-09-24 17:30:00+00:00,0.7376,0.74,0.7281,0.739,5324246.0
2025-09-24 17:45:00+00:00,0.739,0.7573,0.7374,0.755,8978757.0
2025-09-24 18:00:00+00:00,0.755,0.759,0.732,0.7328,6499482.0
2025-09-24 18:15:00+00:00,0.7328,0.739,0.727,0.7364,3266268.0
2025-09-24 18:30:00+00:00,0.7364,0.7652,0.7323,0.763,5791566.0
2025-09-24 18:45:00+00:00,0.7632,0.7634,0.7242,0.7293,6386282.0
2025-09-24 19:00:00+00:00,0.7294,0.7539,0.7283,0.7476,3777535.0
2025-09-24 19:15:00+00:00,0.7476,0.7673,0.7475,0.7649,6138817.0
2025-09-24 19:30:00+00:00,0.7649,0.7789,0.7548,0.7548,7057977.0
2025-09-24 19:45:00+00:00,0.7548,0.774,0.7533,0.7653,4240610.0
2025-09-24 20:00:00+00:00,0.7654,0.7759,0.7574,0.7607,2681024.0
2025-09-24 20:15:00+00:00,0.7607,0.766,0.75,0.753,2077978.0
2025-09-24 20:30:00+00:00,0.753,0.7538,0.7412,0.7433,4084275.0
2025-09-24 20:45:00+00:00,0.7433,0.7782,0.7372,0.7775,5722459.0
2025-09-24 21:00:00+00:00,0.7776,0.7822,0.768,0.7813,4369823.0
2025-09-24 21:15:00+00:00,0.7814,0.7881,0.7657,0.782,4772024.0
2025-09-24 21:30:00+00:00,0.7821,0.7938,0.7715,0.7911,6263587.0
2025-09-24 21:45:00+00:00,0.7913,0.7986,0.7866,0.796,3661482.0
2025-09-24 22:00:00+00:00,0.796,0.8024,0.7769,0.7858,6184858.0
2025-09-24 22:15:00+00:00,0.7859,0.7965,0.7738,0.7792,4179413.0
2025-09-24 22:30:00+00:00,0.7791,0.7938,0.7733,0.7812,3541065.0
2025-09-24 22:45:00+00:00,0.7812,0.7814,0.7722,0.7805,1731104.0
2025-09-24 23:00:00+00:00,0.7804,0.7807,0.7732,0.7767,1333470.0
2025-09-24 23:15:00+00:00,0.7766,0.7821,0.7722,0.7728,1410986.0
2025-09-24 23:30:00+00:00,0.7728,0.7943,0.754,0.7937,9166384.0
2025-09-24 23:45:00+00:00,0.7937,0.8021,0.7817,0.7869,5396790.0
2025-09-25 00:00:00+00:00,0.7867,0.7905,0.7719,0.7739,4049188.0
2025-09-25 00:15:00+00:00,0.7739,0.7742,0.76,0.7628,3078777.0
2025-09-25 00:30:00+00:00,0.763,0.7667,0.7561,0.7572,1821851.0
2025-09-25 00:45:00+00:00,0.7573,0.763,0.7508,0.7581,3272862.0
2025-09-25 01:00:00+00:00,0.758,0.7848,0.7555,0.7815,4401411.0
2025-09-25 01:15:00+00:00,0.7814,0.7861,0.7725,0.7743,3181581.0
2025-09-25 01:30:00+00:00,0.7746,0.7797,0.7667,0.7777,2470773.0
2025-09-25 01:45:00+00:00,0.7777,0.7936,0.7529,0.793,17971906.0
2025-09-25 02:00:00+00:00,0.7927,0.7972,0.7653,0.7661,16291419.0
2025-09-25 02:15:00+00:00,0.7661,0.7699,0.7356,0.7452,18359277.0
2025-09-25 02:30:00+00:00,0.7454,0.7607,0.7386,0.7417,5727317.0
2025-09-25 02:45:00+00:00,0.7416,0.7575,0.7416,0.7516,4970851.0
2025-09-25 03:00:00+00:00,0.7517,0.7521,0.7254,0.7273,9881109.0
2025-09-25 03:15:00+00:00,0.7272,0.7423,0.72,0.7292,7080902.0
2025-09-25 03:30:00+00:00,0.7291,0.76,0.725,0.7321,7253928.0
2025-09-25 03:45:00+00:00,0.7319,0.7486,0.7257,0.7474,6305415.0
2025-09-25 04:00:00+00:00,0.7472,0.7675,0.7403,0.7552,6867144.0
2025-09-25 04:15:00+00:00,0.755,0.7732,0.753,0.7696,6783494.0
2025-09-25 04:30:00+00:00,0.7695,0.7719,0.7527,0.7639,7738678.0
2025-09-25 04:45:00+00:00,0.7641,0.7874,0.7567,0.7773,8607709.0
2025-09-25 05:00:00+00:00,0.7775,0.7854,0.7614,0.7698,5845020.0
2025-09-25 05:15:00+00:00,0.7702,0.78,0.7688,0.7757,3927474.0
2025-09-25 05:30:00+00:00,0.7759,0.7968,0.7701,0.7941,9464475.0
2025-09-25 05:45:00+00:00,0.7941,0.804,0.7846,0.7942,11678658.0
2025-09-25 06:00:00+00:00,0.7943,0.7957,0.7745,0.7833,5902398.0
2025-09-25 06:15:00+00:00,0.7835,0.7938,0.77,0.7742,6651759.0
2025-09-25 06:30:00+00:00,0.7743,0.791,0.771,0.7832,3224830.0
2025-09-25 06:45:00+00:00,0.7831,0.7917,0.77,0.7769,3761742.0
2025-09-25 07:00:00+00:00,0.7769,0.7817,0.7675,0.7753,3934754.0
2025-09-25 07:15:00+00:00,0.7752,0.7844,0.7718,0.7735,3237991.0
2025-09-25 07:30:00+00:00,0.7735,0.782,0.7702,0.7735,2337341.0
2025-09-25 07:45:00+00:00,0.7734,0.7812,0.771,0.7787,2599213.0
2025-09-25 08:00:00+00:00,0.7787,0.7835,0.752,0.7622,9064780.0
2025-09-25 08:15:00+00:00,0.7621,0.7748,0.755,0.7704,6051280.0
2025-09-25 08:30:00+00:00,0.7703,0.7817,0.7608,0.7662,5431665.0
2025-09-25 08:45:00+00:00,0.7659,0.777,0.7532,0.7593,5915290.0
2025-09-25 09:00:00+00:00,0.7594,0.77,0.7374,0.7665,19429242.0
2025-09-25 09:15:00+00:00,0.7665,0.787,0.7656,0.7742,16265634.0
2025-09-25 09:30:00+00:00,0.7745,0.805,0.774,0.8,19295459.0
2025-09-25 09:45:00+00:00,0.7999,0.817,0.7892,0.795,21382600.0
2025-09-25 10:00:00+00:00,0.7949,0.83,0.785,0.8224,18226579.0
2025-09-25 10:15:00+00:00,0.8224,0.861,0.8213,0.8479,41018786.0
2025-09-25 10:30:00+00:00,0.8478,0.855,0.8165,0.8215,23949589.0
2025-09-25 10:45:00+00:00,0.8218,0.8382,0.8001,0.8058,16343095.0
2025-09-25 11:00:00+00:00,0.8064,0.837,0.7884,0.7958,25176246.0
2025-09-25 11:15:00+00:00,0.7958,0.8188,0.7881,0.8024,23740128.0
2025-09-25 11:30:00+00:00,0.8028,0.85,0.8004,0.8318,39269174.0
2025-09-25 11:45:00+00:00,0.8321,0.8431,0.7636,0.7869,67500314.0
2025-09-25 12:00:00+00:00,0.787,0.808,0.7804,0.7965,34905408.0
2025-09-25 12:15:00+00:00,0.7964,0.7965,0.7678,0.7771,24151101.0
2025-09-25 12:30:00+00:00,0.777,0.7861,0.7567,0.7744,26778872.0
2025-09-25 12:45:00+00:00,0.7747,0.7977,0.73,0.7507,68797012.0
2025-09-25 13:00:00+00:00,0.7504,0.7899,0.6954,0.7265,365689758.0
2025-09-25 13:15:00+00:00,0.7261,0.802,0.6846,0.7834,283092117.0
2025-09-25 13:30:00+00:00,0.7834,0.8,0.7323,0.7598,192985154.0
2025-09-25 13:45:00+00:00,0.7598,0.7655,0.725,0.7433,95864527.0
2025-09-25 14:00:00+00:00,0.7432,0.7728,0.7333,0.7709,71766734.0
2025-09-25 14:15:00+00:00,0.7708,0.786,0.764,0.7792,80786874.0
2025-09-25 14:30:00+00:00,0.7791,0.874,0.777,0.8646,214399913.0
2025-09-25 14:45:00+00:00,0.8654,0.9627,0.8638,0.9287,239041734.0
2025-09-25 15:00:00+00:00,0.9285,0.9317,0.8661,0.918,164836449.0
2025-09-25 15:15:00+00:00,0.9181,0.961,0.88,0.9011,153078810.0
2025-09-25 15:30:00+00:00,0.9012,0.92,0.835,0.8591,162789562.0
2025-09-25 15:45:00+00:00,0.8592,0.8974,0.8551,0.8855,118440133.0
2025-09-25 16:00:00+00:00,0.8855,0.9687,0.87,0.944,143402684.0
2025-09-25 16:15:00+00:00,0.944,0.9766,0.917,0.9702,120760761.0
2025-09-25 16:30:00+00:00,0.9703,1.0535,0.9486,1.0214,214920238.0
2025-09-25 16:45:00+00:00,1.0214,1.0833,0.9886,1.0504,139464434.0
2025-09-25 17:00:00+00:00,1.0505,1.0535,0.9976,1.0277,100999639.0
2025-09-25 17:15:00+00:00,1.0274,1.0646,1.0021,1.0254,77108296.0
2025-09-25 17:30:00+00:00,1.0254,1.0259,0.95,1.0177,152833511.0
2025-09-25 17:45:00+00:00,1.0179,1.0539,1.0,1.0387,87722691.0
2025-09-25 18:00:00+00:00,1.0384,1.05,0.9921,1.0238,81680525.0
2025-09-25 18:15:00+00:00,1.0238,1.1,1.0157,1.0781,106862350.0
2025-09-25 18:30:00+00:00,1.0781,1.154,1.071,1.1203,95355120.0
2025-09-25 18:45:00+00:00,1.1202,1.1544,1.0741,1.0854,96015061.0
2025-09-25 19:00:00+00:00,1.0854,1.1047,1.0617,1.0901,54282863.0
2025-09-25 19:15:00+00:00,1.0901,1.1459,1.0822,1.1309,55743244.0
2025-09-25 19:30:00+00:00,1.131,1.1824,1.1309,1.1797,79597798.0
2025-09-25 19:45:00+00:00,1.1798,1.2327,1.153,1.2296,87755588.0
2025-09-25 20:00:00+00:00,1.2296,1.2875,1.1873,1.2562,112972960.0
2025-09-25 20:15:00+00:00,1.256,1.2788,1.2121,1.2529,86194706.0
2025-09-25 20:30:00+00:00,1.2532,1.2614,1.1835,1.2286,84665782.0
2025-09-25 20:45:00+00:00,1.2287,1.2794,1.2101,1.2777,54700023.0
2025-09-25 21:00:00+00:00,1.2777,1.2838,1.2316,1.2521,49727596.0
2025-09-25 21:15:00+00:00,1.252,1.3,1.2179,1.2984,52089243.0
2025-09-25 21:30:00+00:00,1.2983,1.3207,1.2719,1.2977,60509328.0
2025-09-25 21:45:00+00:00,1.2976,1.3689,1.2855,1.361,50445596.0
2025-09-25 22:00:00+00:00,1.3614,1.4055,1.3442,1.3768,79379140.0
2025-09-25 22:15:00+00:00,1.3767,1.45,1.3411,1.4234,78987539.0
2025-09-25 22:30:00+00:00,1.4238,1.4399,1.3616,1.3746,63184304.0
2025-09-25 22:45:00+00:00,1.3747,1.4262,1.2909,1.368,113427643.0
2025-09-25 23:00:00+00:00,1.3678,1.3876,1.264,1.3062,79337721.0
2025-09-25 23:15:00+00:00,1.3064,1.322,1.2566,1.2645,67921375.0
2025-09-25 23:30:00+00:00,1.2646,1.3039,1.2105,1.3003,82597247.0
2025-09-25 23:45:00+00:00,1.3003,1.3003,1.2303,1.2779,48875690.0
2025-09-26 00:00:00+00:00,1.2778,1.31,1.2474,1.2825,60395505.0
2025-09-26 00:15:00+00:00,1.2826,1.3577,1.2817,1.3173,67923752.0
2025-09-26 00:30:00+00:00,1.3175,1.3222,1.2148,1.2441,71251601.0
2025-09-26 00:45:00+00:00,1.2443,1.283,1.1982,1.2673,62795454.0
2025-09-26 01:00:00+00:00,1.2673,1.2933,1.24,1.2725,36271292.0
2025-09-26 01:15:00+00:00,1.2725,1.2888,1.25,1.2812,25339875.0
2025-09-26 01:30:00+00:00,1.2809,1.3186,1.2329,1.2488,45500387.0
2025-09-26 01:45:00+00:00,1.2487,1.2688,1.201,1.2322,33870199.0
2025-09-26 02:00:00+00:00,1.2322,1.2343,1.1448,1.1753,89401038.0
2025-09-26 02:15:00+00:00,1.1753,1.193,1.1458,1.15,36441690.0
2025-09-26 02:30:00+00:00,1.1502,1.1895,1.1177,1.1812,55275192.0
2025-09-26 02:45:00+00:00,1.1809,1.21,1.1761,1.1776,36394602.0
2025-09-26 03:00:00+00:00,1.1776,1.2051,1.1537,1.2036,37192875.0
2025-09-26 03:15:00+00:00,1.2035,1.238,1.1959,1.2098,49706974.0
2025-09-26 03:30:00+00:00,1.2099,1.2439,1.2015,1.2301,37063132.0
2025-09-26 03:45:00+00:00,1.2304,1.2735,1.2197,1.2703,47311041.0
2025-09-26 04:00:00+00:00,1.2704,1.3127,1.2533,1.3098,57023984.0
2025-09-26 04:15:00+00:00,1.3096,1.3355,1.28,1.2927,54470373.0
2025-09-26 04:30:00+00:00,1.2928,1.35,1.2864,1.328,55558358.0
2025-09-26 04:45:00+00:00,1.3279,1.4159,1.3213,1.3905,72352426.0
2025-09-26 05:00:00+00:00,1.3907,1.426,1.361,1.369,63001950.0
2025-09-26 05:15:00+00:00,1.3687,1.3819,1.346,1.3757,44377031.0
2025-09-26 05:30:00+00:00,1.3756,1.3788,1.2889,1.2966,65796439.0
2025-09-26 05:45:00+00:00,1.2966,1.3124,1.2118,1.2132,118213982.0
2025-09-26 06:00:00+00:00,1.2133,1.2426,1.1835,1.2302,89592685.0
2025-09-26 06:15:00+00:00,1.2304,1.2587,1.205,1.233,61931313.0
2025-09-26 06:30:00+00:00,1.2329,1.2957,1.2239,1.273,63880499.0
2025-09-26 06:45:00+00:00,1.273,1.3047,1.2326,1.2361,68102356.0
2025-09-26 07:00:00+00:00,1.2358,1.2764,1.2354,1.271,43221377.0
2025-09-26 07:15:00+00:00,1.271,1.2873,1.2404,1.248,30340867.0
2025-09-26 07:30:00+00:00,1.248,1.2485,1.204,1.2205,48201107.0
2025-09-26 07:45:00+00:00,1.2206,1.23,1.1761,1.1995,48212000.0
2025-09-26 08:00:00+00:00,1.1994,1.2219,1.1641,1.1831,52269104.0
2025-09-26 08:15:00+00:00,1.1831,1.2273,1.1766,1.2136,58539866.0
2025-09-26 08:30:00+00:00,1.2137,1.2638,1.2041,1.2603,48877662.0
2025-09-26 08:45:00+00:00,1.2602,1.3178,1.2428,1.2866,76382693.0
2025-09-26 09:00:00+00:00,1.2865,1.2976,1.2612,1.2716,40484313.0
2025-09-26 09:15:00+00:00,1.2716,1.2947,1.2647,1.2701,23151051.0
2025-09-26 09:30:00+00:00,1.27,1.275,1.2243,1.2384,54513517.0
2025-09-26 09:45:00+00:00,1.2383,1.2541,1.2133,1.2213,33534316.0
2025-09-26 10:00:00+00:00,1.2212,1.2389,1.2062,1.222,35032537.0
2025-09-26 10:15:00+00:00,1.2219,1.2373,1.206,1.2218,25448826.0
2025-09-26 10:30:00+00:00,1.2217,1.2218,1.1822,1.1919,42169469.0
2025-09-26 10:45:00+00:00,1.1919,1.2179,1.17,1.21,51186970.0
2025-09-26 11:00:00+00:00,1.21,1.2155,1.1365,1.1645,71958991.0
2025-09-26 11:15:00+00:00,1.1644,1.1778,1.1546,1.1676,27240766.0
2025-09-26 11:30:00+00:00,1.1677,1.1952,1.156,1.1879,29971937.0
2025-09-26 11:45:00+00:00,1.188,1.1934,1.1658,1.1807,22421766.0
2025-09-26 12:00:00+00:00,1.181,1.1811,1.1242,1.1323,58502873.0
2025-09-26 12:15:00+00:00,1.1324,1.1584,1.1151,1.1566,50197811.0
2025-09-26 12:30:00+00:00,1.1568,1.2157,1.1515,1.2054,71382103.0
2025-09-26 12:45:00+00:00,1.2056,1.2057,1.157,1.1622,39789972.0
2025-09-26 13:00:00+00:00,1.1623,1.2009,1.1492,1.16,52361652.0
2025-09-26 13:15:00+00:00,1.1599,1.1828,1.1451,1.1631,46317781.0
2025-09-26 13:30:00+00:00,1.1632,1.2234,1.1607,1.2135,54552857.0
2025-09-26 13:45:00+00:00,1.2136,1.2487,1.2107,1.2124,56101662.0
2025-09-26 14:00:00+00:00,1.2124,1.2555,1.202,1.2218,40698635.0
2025-09-26 14:15:00+00:00,1.2218,1.2281,1.1725,1.1795,38224458.0
2025-09-26 14:30:00+00:00,1.1794,1.1998,1.1751,1.192,25546907.0
2025-09-26 14:45:00+00:00,1.1921,1.2188,1.1804,1.2156,24504734.0
2025-09-26 15:00:00+00:00,1.2156,1.2392,1.2099,1.225,31883502.0
2025-09-26 15:15:00+00:00,1.2249,1.273,1.2065,1.2505,43748587.0
2025-09-26 15:30:00+00:00,1.2504,1.2648,1.2317,1.2387,25731711.0
2025-09-26 15:45:00+00:00,1.2388,1.25,1.221,1.2277,24025925.0
2025-09-26 16:00:00+00:00,1.2277,1.2527,1.2128,1.2225,28871757.0
2025-09-26 16:15:00+00:00,1.2224,1.285,1.2162,1.2635,44742682.0
2025-09-26 16:30:00+00:00,1.2636,1.3444,1.2516,1.3201,67073280.0
2025-09-26 16:45:00+00:00,1.32,1.3366,1.301,1.3227,37167750.0
2025-09-26 17:00:00+00:00,1.3227,1.3335,1.3053,1.3193,22062169.0
2025-09-26 17:15:00+00:00,1.3193,1.37,1.3148,1.3221,49110824.0
2025-09-26 17:30:00+00:00,1.3222,1.3508,1.3,1.3451,30587455.0
2025-09-26 17:45:00+00:00,1.3449,1.3714,1.3332,1.3546,28043216.0
2025-09-26 18:00:00+00:00,1.3547,1.375,1.3116,1.3184,32823354.0
2025-09-26 18:15:00+00:00,1.3183,1.3694,1.317,1.3657,20884425.0
2025-09-26 18:30:00+00:00,1.3655,1.3925,1.3367,1.3381,36548285.0
2025-09-26 18:45:00+00:00,1.3381,1.3448,1.3165,1.3202,21593321.0
2025-09-26 19:00:00+00:00,1.3203,1.3236,1.266,1.3004,45160657.0
2025-09-26 19:15:00+00:00,1.3005,1.3274,1.2635,1.2839,26550396.0
2025-09-26 19:30:00+00:00,1.2839,1.2896,1.2428,1.2599,34747479.0
2025-09-26 19:45:00+00:00,1.2599,1.2741,1.2413,1.2503,23877429.0
2025-09-26 20:00:00+00:00,1.2503,1.2676,1.2257,1.2651,33584352.0
2025-09-26 20:15:00+00:00,1.2651,1.27,1.2332,1.2417,21258445.0
2025-09-26 20:30:00+00:00,1.2417,1.2451,1.2023,1.2131,23454956.0
2025-09-26 20:45:00+00:00,1.213,1.2347,1.2026,1.2265,16893432.0
2025-09-26 21:00:00+00:00,1.2265,1.2431,1.2198,1.2314,23052786.0
2025-09-26 21:15:00+00:00,1.2313,1.2465,1.2238,1.2413,15488603.0
2025-09-26 21:30:00+00:00,1.2414,1.2496,1.233,1.2485,11007841.0
2025-09-26 21:45:00+00:00,1.2486,1.2489,1.2278,1.2473,10848166.0
2025-09-26 22:00:00+00:00,1.2473,1.2616,1.2276,1.2396,29930684.0
2025-09-26 22:15:00+00:00,1.2396,1.2575,1.235,1.2436,18405760.0
2025-09-26 22:30:00+00:00,1.2437,1.2478,1.2318,1.2375,6830690.0
2025-09-26 22:45:00+00:00,1.2374,1.239,1.203,1.2113,17810968.0
2025-09-26 23:00:00+00:00,1.2113,1.2139,1.162,1.1666,44089874.0
2025-09-26 23:15:00+00:00,1.1666,1.1865,1.1623,1.1829,17992593.0
2025-09-26 23:30:00+00:00,1.1829,1.19,1.1503,1.1679,17787667.0
2025-09-26 23:45:00+00:00,1.1679,1.224,1.1677,1.2213,23512864.0
2025-09-27 00:00:00+00:00,1.2213,1.2257,1.1915,1.2101,18915044.0
2025-09-27 00:15:00+00:00,1.21,1.216,1.1984,1.2047,11826286.0
2025-09-27 00:30:00+00:00,1.2047,1.2422,1.1992,1.217,21256730.0
2025-09-27 00:45:00+00:00,1.2171,1.2515,1.208,1.2444,20785343.0
2025-09-27 01:00:00+00:00,1.2443,1.2964,1.2432,1.2779,34811093.0
2025-09-27 01:15:00+00:00,1.2777,1.3082,1.264,1.2904,32177487.0
2025-09-27 01:30:00+00:00,1.2904,1.34,1.2888,1.3305,32563669.0
2025-09-27 01:45:00+00:00,1.3305,1.34,1.3052,1.3242,24564568.0
2025-09-27 02:00:00+00:00,1.3241,1.3314,1.2951,1.3128,25835707.0
2025-09-27 02:15:00+00:00,1.3131,1.3608,1.2958,1.3461,33903946.0
2025-09-27 02:30:00+00:00,1.3462,1.3527,1.3123,1.3125,24008878.0
2025-09-27 02:45:00+00:00,1.3128,1.3237,1.3023,1.3232,16336022.0
2025-09-27 03:00:00+00:00,1.3232,1.3705,1.3152,1.3514,29177962.0
2025-09-27 03:15:00+00:00,1.3514,1.3773,1.3265,1.3663,26997360.0
2025-09-27 03:30:00+00:00,1.3661,1.4058,1.3631,1.388,52382602.0
2025-09-27 03:45:00+00:00,1.3879,1.41,1.3668,1.3685,27399797.0
2025-09-27 04:00:00+00:00,1.3686,1.4064,1.3638,1.3993,19783515.0
2025-09-27 04:15:00+00:00,1.3993,1.4524,1.3943,1.4299,54987357.0
2025-09-27 04:30:00+00:00,1.4299,1.4431,1.3943,1.3974,23494723.0
2025-09-27 04:45:00+00:00,1.3978,1.4147,1.3771,1.3924,28842295.0
2025-09-27 05:00:00+00:00,1.3926,1.3934,1.3396,1.3568,40126018.0
2025-09-27 05:15:00+00:00,1.3568,1.386,1.3517,1.372,20834341.0
2025-09-27 05:30:00+00:00,1.372,1.39,1.3577,1.3833,17206403.0
2025-09-27 05:45:00+00:00,1.3834,1.5389,1.3802,1.5275,91835672.0
2025-09-27 06:00:00+00:00,1.5274,1.5798,1.5,1.5228,82521880.0
2025-09-27 06:15:00+00:00,1.5226,1.555,1.482,1.5199,52638968.0
2025-09-27 06:30:00+00:00,1.5199,1.5546,1.4928,1.4988,40463499.0
2025-09-27 06:45:00+00:00,1.4992,1.565,1.495,1.5394,47172370.0
2025-09-27 07:00:00+00:00,1.5395,1.601,1.5289,1.5442,71476809.0
2025-09-27 07:15:00+00:00,1.5441,1.5722,1.5214,1.5645,38432579.0
2025-09-27 07:30:00+00:00,1.5644,1.61,1.535,1.5456,59504432.0
2025-09-27 07:45:00+00:00,1.545,1.5629,1.5025,1.5177,49139255.0
2025-09-27 08:00:00+00:00,1.5176,1.5286,1.4759,1.5105,48692115.0
2025-09-27 08:15:00+00:00,1.5105,1.5469,1.5095,1.5306,37229000.0
2025-09-27 08:30:00+00:00,1.5306,1.5473,1.5119,1.5216,24910840.0
2025-09-27 08:45:00+00:00,1.5216,1.5274,1.4686,1.4825,45088241.0
2025-09-27 09:00:00+00:00,1.4826,1.503,1.425,1.4603,56206450.0
2025-09-27 09:15:00+00:00,1.4601,1.4669,1.4304,1.4439,27493702.0
2025-09-27 09:30:00+00:00,1.4438,1.4842,1.4363,1.459,25342388.0
2025-09-27 09:45:00+00:00,1.459,1.5106,1.4585,1.4915,26592537.0
2025-09-27 10:00:00+00:00,1.4915,1.5049,1.47,1.4703,18449249.0
2025-09-27 10:15:00+00:00,1.4704,1.5098,1.454,1.5054,22061648.0
2025-09-27 10:30:00+00:00,1.5055,1.5186,1.4712,1.478,15830519.0
2025-09-27 10:45:00+00:00,1.478,1.5011,1.444,1.4605,19458273.0
2025-09-27 11:00:00+00:00,1.4605,1.4905,1.4463,1.4773,21621044.0
2025-09-27 11:15:00+00:00,1.4774,1.5118,1.4747,1.5007,17868056.0
2025-09-27 11:30:00+00:00,1.5007,1.5067,1.4821,1.4885,13348227.0
2025-09-27 11:45:00+00:00,1.4885,1.4987,1.4748,1.4764,14139317.0
2025-09-27 12:00:00+00:00,1.4763,1.4792,1.3991,1.4274,63718651.0
2025-09-27 12:15:00+00:00,1.4274,1.4444,1.4151,1.4393,20145066.0
2025-09-27 12:30:00+00:00,1.4395,1.4499,1.4183,1.4467,16216321.0
2025-09-27 12:45:00+00:00,1.4467,1.4612,1.431,1.455,14125463.0
2025-09-27 13:00:00+00:00,1.455,1.4599,1.3865,1.3964,31245963.0
2025-09-27 13:15:00+00:00,1.3966,1.4156,1.3832,1.4134,27894174.0
2025-09-27 13:30:00+00:00,1.4135,1.44,1.4007,1.4281,20163871.0
2025-09-27 13:45:00+00:00,1.428,1.4492,1.4246,1.4346,18599996.0
2025-09-27 14:00:00+00:00,1.4347,1.5013,1.4311,1.4758,35282879.0
2025-09-27 14:15:00+00:00,1.4759,1.4944,1.4665,1.4851,19015823.0
2025-09-27 14:30:00+00:00,1.4851,1.5098,1.4691,1.476,20952754.0
2025-09-27 14:45:00+00:00,1.4759,1.4974,1.4738,1.4852,13187289.0
2025-09-27 15:00:00+00:00,1.4853,1.5134,1.4763,1.4885,24088625.0
2025-09-27 15:15:00+00:00,1.4884,1.4996,1.4751,1.4896,18127355.0
2025-09-27 15:30:00+00:00,1.4895,1.5,1.4722,1.4967,15495784.0
2025-09-27 15:45:00+00:00,1.4966,1.4972,1.4764,1.4828,14817202.0
2025-09-27 16:00:00+00:00,1.4826,1.4889,1.452,1.4595,22368306.0
2025-09-27 16:15:00+00:00,1.4596,1.539,1.4595,1.5329,40491469.0
2025-09-27 16:30:00+00:00,1.5329,1.5487,1.5188,1.5398,23932939.0
2025-09-27 16:45:00+00:00,1.5398,1.5403,1.4823,1.4915,28130613.0
2025-09-27 17:00:00+00:00,1.4916,1.5406,1.485,1.5317,33104525.0
2025-09-27 17:15:00+00:00,1.5317,1.5742,1.5212,1.5592,25749329.0
2025-09-27 17:30:00+00:00,1.5592,1.5607,1.5335,1.5409,16816385.0
2025-09-27 17:45:00+00:00,1.5409,1.5847,1.5393,1.5706,20653440.0
2025-09-27 18:00:00+00:00,1.5706,1.589,1.5515,1.5556,19212094.0
2025-09-27 18:15:00+00:00,1.5557,1.5969,1.5452,1.5844,21404322.0
2025-09-27 18:30:00+00:00,1.5845,1.5883,1.5507,1.5558,20369020.0
2025-09-27 18:45:00+00:00,1.5558,1.5607,1.5316,1.5492,16875546.0
2025-09-27 19:00:00+00:00,1.5493,1.5508,1.516,1.5345,15692413.0
2025-09-27 19:15:00+00:00,1.5344,1.5601,1.5312,1.5548,11032269.0
2025-09-27 19:30:00+00:00,1.5547,1.6191,1.5534,1.5937,43429507.0
2025-09-27 19:45:00+00:00,1.5939,1.63,1.5822,1.5826,32297716.0
2025-09-27 20:00:00+00:00,1.5826,1.6162,1.5675,1.5894,19105225.0
2025-09-27 20:15:00+00:00,1.5895,1.5998,1.564,1.572,16499306.0
2025-09-27 20:30:00+00:00,1.5722,1.632,1.5564,1.6291,22989218.0
2025-09-27 20:45:00+00:00,1.6291,1.6496,1.6141,1.6201,21703971.0
2025-09-27 21:00:00+00:00,1.6205,1.6447,1.6048,1.6115,17863682.0
2025-09-27 21:15:00+00:00,1.6115,1.6397,1.605,1.6277,19015425.0
2025-09-27 21:30:00+00:00,1.6276,1.6625,1.6126,1.6456,26769295.0
2025-09-27 21:45:00+00:00,1.6455,1.67,1.6312,1.6316,21817991.0
2025-09-27 22:00:00+00:00,1.6316,1.6414,1.6041,1.6145,20618472.0
2025-09-27 22:15:00+00:00,1.6145,1.6318,1.593,1.6021,18047782.0
2025-09-27 22:30:00+00:00,1.6021,1.6268,1.5732,1.5744,19584312.0
2025-09-27 22:45:00+00:00,1.5743,1.597,1.5717,1.5826,14416331.0
2025-09-27 23:00:00+00:00,1.5825,1.5854,1.5642,1.5766,17358818.0
2025-09-27 23:15:00+00:00,1.5764,1.5798,1.5655,1.569,7902212.0
2025-09-27 23:30:00+00:00,1.569,1.614,1.5684,1.6112,16781257.0
2025-09-27 23:45:00+00:00,1.6112,1.6344,1.6034,1.6287,16485461.0
2025-09-28 00:00:00+00:00,1.6287,1.6357,1.5873,1.614,27065846.0
2025-09-28 00:15:00+00:00,1.6141,1.665,1.6085,1.6466,33466777.0
2025-09-28 00:30:00+00:00,1.6465,1.6797,1.6215,1.6551,32346130.0
2025-09-28 00:45:00+00:00,1.6547,1.6564,1.6154,1.6293,17602637.0
2025-09-28 01:00:00+00:00,1.6292,1.6682,1.6268,1.6606,20080116.0
2025-09-28 01:15:00+00:00,1.6606,1.6799,1.6495,1.6766,18192876.0
2025-09-28 01:30:00+00:00,1.6772,1.6917,1.6618,1.6792,28483596.0
2025-09-28 01:45:00+00:00,1.6794,1.6801,1.6421,1.6744,27019285.0
2025-09-28 02:00:00+00:00,1.6744,1.6744,1.6301,1.6387,21426244.0
2025-09-28 02:15:00+00:00,1.6387,1.6387,1.6058,1.6127,29218571.0
2025-09-28 02:30:00+00:00,1.6127,1.637,1.571,1.5921,31674235.0
2025-09-28 02:45:00+00:00,1.5923,1.604,1.5824,1.588,14233256.0
2025-09-28 03:00:00+00:00,1.588,1.6,1.5743,1.5826,17909104.0
2025-09-28 03:15:00+00:00,1.5827,1.5998,1.566,1.5818,16754258.0
2025-09-28 03:30:00+00:00,1.5815,1.6,1.5753,1.6,15182137.0
2025-09-28 03:45:00+00:00,1.6,1.6,1.5769,1.5843,15957284.0
2025-09-28 04:00:00+00:00,1.5845,1.5893,1.552,1.5631,21159564.0
2025-09-28 04:15:00+00:00,1.5631,1.5735,1.5368,1.552,21751248.0
2025-09-28 04:30:00+00:00,1.5521,1.5833,1.552,1.5748,13962888.0
2025-09-28 04:45:00+00:00,1.5748,1.579,1.5359,1.5484,12999050.0
2025-09-28 05:00:00+00:00,1.5485,1.555,1.5241,1.5429,32489563.0
2025-09-28 05:15:00+00:00,1.543,1.5567,1.5333,1.5554,16474085.0
2025-09-28 05:30:00+00:00,1.5554,1.565,1.5313,1.5338,12868529.0
2025-09-28 05:45:00+00:00,1.5337,1.5353,1.512,1.5196,20325235.0
2025-09-28 06:00:00+00:00,1.5198,1.5329,1.492,1.5066,26240598.0
2025-09-28 06:15:00+00:00,1.5067,1.5157,1.4811,1.488,24117746.0
2025-09-28 06:30:00+00:00,1.488,1.513,1.4848,1.5097,21148437.0
2025-09-28 06:45:00+00:00,1.5097,1.523,1.5047,1.5078,14328163.0
2025-09-28 07:00:00+00:00,1.5078,1.532,1.5022,1.531,16366087.0
2025-09-28 07:15:00+00:00,1.531,1.556,1.5242,1.5421,27469524.0
2025-09-28 07:30:00+00:00,1.5421,1.5645,1.5348,1.5627,19382241.0
2025-09-28 07:45:00+00:00,1.5626,1.576,1.5486,1.5655,15346561.0
2025-09-28 08:00:00+00:00,1.5654,1.5834,1.539,1.5409,32354020.0
2025-09-28 08:15:00+00:00,1.5407,1.5497,1.4934,1.5049,44877340.0
2025-09-28 08:30:00+00:00,1.5048,1.515,1.488,1.4998,19260704.0
2025-09-28 08:45:00+00:00,1.4999,1.5086,1.4665,1.4852,22662544.0
2025-09-28 09:00:00+00:00,1.4852,1.5033,1.4847,1.4912,16146208.0
2025-09-28 09:15:00+00:00,1.4911,1.4936,1.4676,1.4867,24722605.0
2025-09-28 09:30:00+00:00,1.4866,1.504,1.475,1.4791,18890264.0
2025-09-28 09:45:00+00:00,1.4791,1.4856,1.4634,1.4805,14306602.0
2025-09-28 10:00:00+00:00,1.4805,1.4905,1.4663,1.4747,14653882.0
2025-09-28 10:15:00+00:00,1.4747,1.4863,1.4605,1.475,15455534.0
2025-09-28 10:30:00+00:00,1.475,1.4868,1.474,1.4807,10659287.0
2025-09-28 10:45:00+00:00,1.4807,1.4976,1.4694,1.4917,14112914.0
2025-09-28 11:00:00+00:00,1.4916,1.5135,1.49,1.4988,20297560.0
2025-09-28 11:15:00+00:00,1.4989,1.503,1.4126,1.4307,66755210.0
2025-09-28 11:30:00+00:00,1.4307,1.4396,1.4071,1.4195,31818445.0
2025-09-28 11:45:00+00:00,1.4194,1.4238,1.4095,1.4182,14017466.0
2025-09-28 12:00:00+00:00,1.4182,1.426,1.3841,1.3942,45860471.0
2025-09-28 12:15:00+00:00,1.3943,1.41,1.3826,1.4021,30813558.0
2025-09-28 12:30:00+00:00,1.4021,1.4044,1.3654,1.3858,44338697.0
2025-09-28 12:45:00+00:00,1.3861,1.3907,1.3682,1.3768,26351716.0
2025-09-28 13:00:00+00:00,1.3767,1.4021,1.3708,1.3944,30794132.0
2025-09-28 13:15:00+00:00,1.3944,1.4336,1.3907,1.4195,34754728.0
2025-09-28 13:30:00+00:00,1.4195,1.4385,1.3955,1.4362,28116033.0
2025-09-28 13:45:00+00:00,1.4362,1.4595,1.4325,1.4588,34905009.0
2025-09-28 14:00:00+00:00,1.4587,1.4665,1.4308,1.4369,21312423.0
2025-09-28 14:15:00+00:00,1.4369,1.4819,1.4364,1.4789,21172257.0
2025-09-28 14:30:00+00:00,1.4787,1.4853,1.4518,1.4728,19440354.0
2025-09-28 14:45:00+00:00,1.4727,1.4828,1.464,1.4735,14844785.0
2025-09-28 15:00:00+00:00,1.4735,1.4832,1.4576,1.4587,14847816.0
2025-09-28 15:15:00+00:00,1.4588,1.4751,1.4588,1.472,7512462.0
2025-09-28 15:30:00+00:00,1.472,1.4729,1.4242,1.4422,19764458.0
2025-09-28 15:45:00+00:00,1.4421,1.4484,1.4221,1.433,13598226.0
2025-09-28 16:00:00+00:00,1.4329,1.4741,1.43,1.4581,17102242.0
2025-09-28 16:15:00+00:00,1.4581,1.4634,1.4423,1.4559,11707743.0
2025-09-28 16:30:00+00:00,1.456,1.4579,1.4345,1.4408,12174800.0
2025-09-28 16:45:00+00:00,1.4407,1.4508,1.435,1.4418,10076585.0
2025-09-28 17:00:00+00:00,1.4418,1.4646,1.4027,1.4259,25678352.0
2025-09-28 17:15:00+00:00,1.4256,1.4332,1.3707,1.3825,31076672.0
2025-09-28 17:30:00+00:00,1.3825,1.3878,1.3585,1.3778,25764804.0
2025-09-28 17:45:00+00:00,1.3779,1.3949,1.3638,1.3903,22172027.0
2025-09-28 18:00:00+00:00,1.3904,1.4069,1.3763,1.3983,15871640.0
2025-09-28 18:15:00+00:00,1.3982,1.4214,1.398,1.4199,12435647.0
2025-09-28 18:30:00+00:00,1.42,1.4296,1.4122,1.4154,8611285.0
2025-09-28 18:45:00+00:00,1.4154,1.4226,1.4,1.4081,8673094.0
2025-09-28 19:00:00+00:00,1.4081,1.4093,1.3823,1.3832,11345525.0
2025-09-28 19:15:00+00:00,1.3831,1.3937,1.372,1.3757,9059503.0
2025-09-28 19:30:00+00:00,1.3758,1.3792,1.3605,1.3657,10705194.0
2025-09-28 19:45:00+00:00,1.3657,1.395,1.3638,1.3932,9099099.0
2025-09-28 20:00:00+00:00,1.3933,1.3958,1.3771,1.3876,8738509.0
2025-09-28 20:15:00+00:00,1.3872,1.4328,1.3865,1.4219,19839584.0
2025-09-28 20:30:00+00:00,1.4219,1.458,1.4191,1.4503,18359192.0
2025-09-28 20:45:00+00:00,1.4504,1.4579,1.428,1.4405,10370589.0
2025-09-28 21:00:00+00:00,1.4407,1.4409,1.4245,1.436,9572181.0
2025-09-28 21:15:00+00:00,1.436,1.4362,1.4035,1.4096,9986223.0
2025-09-28 21:30:00+00:00,1.4097,1.4276,1.4,1.4015,5653554.0
2025-09-28 21:45:00+00:00,1.4015,1.4051,1.3768,1.3894,12805246.0
2025-09-28 22:00:00+00:00,1.3894,1.426,1.3869,1.4192,14036737.0
2025-09-28 22:15:00+00:00,1.4192,1.4691,1.4188,1.4605,19118603.0
2025-09-28 22:30:00+00:00,1.4604,1.4678,1.4338,1.4463,13553896.0
2025-09-28 22:45:00+00:00,1.4464,1.46,1.4329,1.4561,9627148.0
2025-09-28 23:00:00+00:00,1.4562,1.46,1.4433,1.4438,7233870.0
2025-09-28 23:15:00+00:00,1.4438,1.4438,1.4181,1.4261,11598594.0
2025-09-28 23:30:00+00:00,1.4261,1.4482,1.4148,1.4465,9802031.0
2025-09-28 23:45:00+00:00,1.4465,1.4592,1.4376,1.4506,10015345.0
2025-09-29 00:00:00+00:00,1.4506,1.4857,1.4467,1.476,20309116.0
2025-09-29 00:15:00+00:00,1.4757,1.5498,1.4624,1.5141,54942499.0
2025-09-29 00:30:00+00:00,1.5141,1.5278,1.501,1.5027,15100059.0
2025-09-29 00:45:00+00:00,1.5027,1.5281,1.5006,1.5084,11594687.0
2025-09-29 01:00:00+00:00,1.5083,1.5126,1.4804,1.4865,12222956.0
2025-09-29 01:15:00+00:00,1.4862,1.4935,1.4603,1.4704,19044934.0
2025-09-29 01:30:00+00:00,1.4705,1.4862,1.4292,1.4362,23347658.0
2025-09-29 01:45:00+00:00,1.4362,1.4419,1.387,1.3916,35979350.0
2025-09-29 02:00:00+00:00,1.3916,1.4009,1.3803,1.3832,18482508.0
2025-09-29 02:15:00+00:00,1.3832,1.4091,1.3739,1.4067,24732311.0
2025-09-29 02:30:00+00:00,1.4068,1.4237,1.3878,1.3899,24096669.0
2025-09-29 02:45:00+00:00,1.3901,1.421,1.3896,1.4133,12026224.0
2025-09-29 03:00:00+00:00,1.4133,1.4133,1.3773,1.3849,12861612.0
2025-09-29 03:15:00+00:00,1.3849,1.4054,1.3836,1.4013,10894185.0
2025-09-29 03:30:00+00:00,1.4012,1.4061,1.3926,1.3958,7907107.0
2025-09-29 03:45:00+00:00,1.3957,1.407,1.3782,1.4055,11774567.0
2025-09-29 04:00:00+00:00,1.4052,1.4099,1.3961,1.398,6901506.0
2025-09-29 04:15:00+00:00,1.3979,1.4006,1.3757,1.3805,13293639.0
2025-09-29 04:30:00+00:00,1.3808,1.3923,1.3668,1.3723,15638667.0
2025-09-29 04:45:00+00:00,1.3724,1.3825,1.3635,1.3751,11679551.0
2025-09-29 05:00:00+00:00,1.3752,1.3769,1.2987,1.3222,67361016.0
2025-09-29 05:15:00+00:00,1.3223,1.3307,1.3111,1.3192,19878974.0
2025-09-29 05:30:00+00:00,1.3192,1.34,1.3159,1.3382,15064550.0
2025-09-29 05:45:00+00:00,1.3384,1.3441,1.3277,1.3297,10547849.0
2025-09-29 06:00:00+00:00,1.3297,1.3319,1.2992,1.3051,26250464.0
2025-09-29 06:15:00+00:00,1.3052,1.322,1.291,1.3118,23826751.0
2025-09-29 06:30:00+00:00,1.3118,1.3494,1.3105,1.3389,24463158.0
2025-09-29 06:45:00+00:00,1.339,1.3429,1.3286,1.3337,11906332.0
2025-09-29 07:00:00+00:00,1.3338,1.3491,1.3316,1.3352,12587625.0
2025-09-29 07:15:00+00:00,1.3352,1.3434,1.3197,1.3265,12842743.0
2025-09-29 07:30:00+00:00,1.3264,1.332,1.3096,1.3138,11657156.0
2025-09-29 07:45:00+00:00,1.3136,1.3248,1.3073,1.3222,12120711.0
2025-09-29 08:00:00+00:00,1.3222,1.3372,1.3168,1.3288,10941449.0
2025-09-29 08:15:00+00:00,1.3288,1.3498,1.3222,1.3445,10076144.0
2025-09-29 08:30:00+00:00,1.3444,1.3514,1.336,1.3442,10144989.0
2025-09-29 08:45:00+00:00,1.3442,1.3577,1.3388,1.3393,13194194.0
2025-09-29 09:00:00+00:00,1.3395,1.3471,1.3196,1.3227,11729231.0
2025-09-29 09:15:00+00:00,1.3228,1.3232,1.2784,1.2821,41250402.0
2025-09-29 09:30:00+00:00,1.2821,1.293,1.27,1.2881,31970308.0
2025-09-29 09:45:00+00:00,1.2881,1.3072,1.2873,1.3049,23571551.0
2025-09-29 10:00:00+00:00,1.3049,1.3136,1.2924,1.293,16161357.0
2025-09-29 10:15:00+00:00,1.293,1.3031,1.287,1.3028,13825636.0
2025-09-29 10:30:00+00:00,1.3027,1.3049,1.285,1.2893,10732744.0
2025-09-29 10:45:00+00:00,1.2893,1.2905,1.2705,1.2744,17644462.0
2025-09-29 11:00:00+00:00,1.2747,1.2989,1.261,1.287,30051068.0
2025-09-29 11:15:00+00:00,1.287,1.3177,1.2663,1.3041,31995979.0
2025-09-29 11:30:00+00:00,1.3041,1.3071,1.2865,1.2887,10623777.0
2025-09-29 11:45:00+00:00,1.2885,1.3021,1.288,1.2957,8480688.0
2025-09-29 12:00:00+00:00,1.2958,1.3035,1.27,1.2719,12910658.0
2025-09-29 12:15:00+00:00,1.272,1.2934,1.2643,1.2912,17306105.0
2025-09-29 12:30:00+00:00,1.2911,1.2914,1.2434,1.249,38644834.0
2025-09-29 12:45:00+00:00,1.249,1.2582,1.2276,1.2414,36067229.0
2025-09-29 13:00:00+00:00,1.2415,1.2615,1.2368,1.2598,26417282.0
2025-09-29 13:15:00+00:00,1.2595,1.2679,1.2519,1.2587,19137040.0
2025-09-29 13:30:00+00:00,1.2588,1.303,1.2509,1.3022,27699596.0
2025-09-29 13:45:00+00:00,1.3023,1.3305,1.2887,1.3082,44665425.0
2025-09-29 14:00:00+00:00,1.3081,1.3215,1.2849,1.3072,26109545.0
2025-09-29 14:15:00+00:00,1.3074,1.3171,1.2933,1.3008,13179790.0
2025-09-29 14:30:00+00:00,1.3009,1.3087,1.2807,1.2848,17494415.0
2025-09-29 14:45:00+00:00,1.2847,1.3297,1.277,1.32,25846309.0
2025-09-29 15:00:00+00:00,1.32,1.3218,1.305,1.312,14910890.0
2025-09-29 15:15:00+00:00,1.312,1.3151,1.2924,1.2929,12211168.0
2025-09-29 15:30:00+00:00,1.2929,1.2949,1.2653,1.2753,19704018.0
2025-09-29 15:45:00+00:00,1.2753,1.2753,1.25,1.254,27944504.0
2025-09-29 16:00:00+00:00,1.2541,1.2698,1.2524,1.261,17122457.0
2025-09-29 16:15:00+00:00,1.2609,1.2735,1.2426,1.2486,14154140.0
2025-09-29 16:30:00+00:00,1.2487,1.2684,1.2311,1.2354,22118178.0
2025-09-29 16:45:00+00:00,1.2353,1.2461,1.2133,1.2202,27826916.0
2025-09-29 17:00:00+00:00,1.2203,1.2273,1.1897,1.2015,57564093.0
2025-09-29 17:15:00+00:00,1.2014,1.2038,1.1622,1.1789,59219802.0
2025-09-29 17:30:00+00:00,1.179,1.2009,1.1576,1.193,39701914.0
2025-09-29 17:45:00+00:00,1.193,1.2155,1.1901,1.2126,22989161.0
2025-09-29 18:00:00+00:00,1.2125,1.2131,1.1913,1.1969,13693594.0
2025-09-29 18:15:00+00:00,1.1968,1.2133,1.1955,1.2054,11912408.0
2025-09-29 18:30:00+00:00,1.2053,1.2168,1.1966,1.2145,12535443.0
2025-09-29 18:45:00+00:00,1.2145,1.2204,1.1986,1.2109,13659551.0
2025-09-29 19:00:00+00:00,1.2109,1.2225,1.2011,1.2205,11100625.0
2025-09-29 19:15:00+00:00,1.2206,1.2423,1.2108,1.2383,15888299.0
2025-09-29 19:30:00+00:00,1.2384,1.2477,1.2289,1.2375,16024546.0
2025-09-29 19:45:00+00:00,1.2375,1.2415,1.2253,1.2294,8989476.0
2025-09-29 20:00:00+00:00,1.2292,1.2483,1.2284,1.2475,11826086.0
2025-09-29 20:15:00+00:00,1.2474,1.2486,1.2281,1.2289,11662020.0
2025-09-29 20:30:00+00:00,1.2289,1.2402,1.2141,1.2245,15436872.0
2025-09-29 20:45:00+00:00,1.2246,1.2375,1.2204,1.2356,11089377.0
2025-09-29 21:00:00+00:00,1.2357,1.2449,1.2283,1.2283,12129468.0
2025-09-29 21:15:00+00:00,1.2284,1.2409,1.2177,1.24,10611545.0
2025-09-29 21:30:00+00:00,1.24,1.2451,1.2303,1.2306,6278697.0
2025-09-29 21:45:00+00:00,1.2305,1.2345,1.2117,1.2166,9109333.0
2025-09-29 22:00:00+00:00,1.2167,1.2188,1.2008,1.2084,11903128.0
2025-09-29 22:15:00+00:00,1.2084,1.2295,1.2084,1.2228,9070672.0
2025-09-29 22:30:00+00:00,1.2229,1.2366,1.2154,1.235,8908995.0
2025-09-29 22:45:00+00:00,1.2349,1.2369,1.2172,1.2187,7288559.0
2025-09-29 23:00:00+00:00,1.2186,1.2191,1.1601,1.1811,42773697.0
2025-09-29 23:15:00+00:00,1.1812,1.1923,1.1677,1.1897,16840590.0
2025-09-29 23:30:00+00:00,1.1896,1.2081,1.1864,1.2007,13601468.0
2025-09-29 23:45:00+00:00,1.2008,1.2012,1.1765,1.1988,16190720.0
2025-09-30 00:00:00+00:00,1.1988,1.2274,1.1968,1.2051,22248499.0
2025-09-30 00:15:00+00:00,1.2045,1.2048,1.1565,1.1819,46163761.0
2025-09-30 00:30:00+00:00,1.182,1.2049,1.167,1.2039,24820135.0
2025-09-30 00:45:00+00:00,1.2039,1.211,1.1738,1.2078,23492433.0
2025-09-30 01:00:00+00:00,1.2078,1.2368,1.1988,1.2316,30356974.0
2025-09-30 01:15:00+00:00,1.2316,1.2467,1.2237,1.2313,19584999.0
2025-09-30 01:30:00+00:00,1.2312,1.2391,1.2165,1.2324,12325340.0
2025-09-30 01:45:00+00:00,1.2325,1.2374,1.2241,1.2344,7373328.0
2025-09-30 02:00:00+00:00,1.2344,1.2525,1.2208,1.2291,17680203.0
2025-09-30 02:15:00+00:00,1.229,1.2501,1.2208,1.2407,13042709.0
2025-09-30 02:30:00+00:00,1.2408,1.2428,1.2158,1.2226,10064088.0
2025-09-30 02:45:00+00:00,1.2227,1.2234,1.1841,1.1879,22874118.0
2025-09-30 03:00:00+00:00,1.1878,1.1938,1.1748,1.1796,21292879.0
2025-09-30 03:15:00+00:00,1.1796,1.1987,1.1791,1.184,13101295.0
2025-09-30 03:30:00+00:00,1.1841,1.2001,1.1777,1.1867,13536520.0
2025-09-30 03:45:00+00:00,1.1868,1.1918,1.1709,1.1832,14556477.0
2025-09-30 04:00:00+00:00,1.1831,1.208,1.1778,1.2053,15509076.0
2025-09-30 04:15:00+00:00,1.2052,1.214,1.1863,1.1907,11867808.0
2025-09-30 04:30:00+00:00,1.1907,1.1993,1.1811,1.1882,8941931.0
2025-09-30 04:45:00+00:00,1.1882,1.1888,1.1351,1.145,50333258.0
2025-09-30 05:00:00+00:00,1.145,1.1534,1.1271,1.135,31113608.0
2025-09-30 05:15:00+00:00,1.1351,1.1433,1.125,1.1421,15027752.0
2025-09-30 05:30:00+00:00,1.1421,1.148,1.1188,1.1269,25672977.0
2025-09-30 05:45:00+00:00,1.127,1.1409,1.1196,1.1319,14650741.0
2025-09-30 06:00:00+00:00,1.1319,1.1394,1.1173,1.1322,21596573.0
2025-09-30 06:15:00+00:00,1.1322,1.1413,1.1198,1.1406,13937794.0
2025-09-30 06:30:00+00:00,1.1407,1.1644,1.1383,1.162,29076589.0
2025-09-30 06:45:00+00:00,1.1618,1.1638,1.1496,1.1519,12349411.0
2025-09-30 07:00:00+00:00,1.1518,1.1557,1.1431,1.1455,10644576.0
2025-09-30 07:15:00+00:00,1.1456,1.146,1.1216,1.1227,20853353.0
2025-09-30 07:30:00+00:00,1.1226,1.1304,1.1165,1.122,16978958.0
2025-09-30 07:45:00+00:00,1.1219,1.1355,1.1151,1.1293,17248084.0
2025-09-30 08:00:00+00:00,1.1293,1.1418,1.1216,1.1379,14334287.0
2025-09-30 08:15:00+00:00,1.1379,1.1477,1.1287,1.1299,16242404.0
2025-09-30 08:30:00+00:00,1.1299,1.1344,1.1171,1.1326,18235597.0
2025-09-30 08:45:00+00:00,1.1326,1.135,1.068,1.0796,95850168.0
2025-09-30 09:00:00+00:00,1.0795,1.0951,1.0577,1.064,57553589.0
2025-09-30 09:15:00+00:00,1.0642,1.1024,1.0633,1.0976,30647507.0
2025-09-30 09:30:00+00:00,1.0977,1.0977,1.0713,1.0791,26583284.0
2025-09-30 09:45:00+00:00,1.0791,1.0809,1.0501,1.0631,40926553.0
2025-09-30 10:00:00+00:00,1.0631,1.0776,1.0528,1.0539,29848349.0
2025-09-30 10:15:00+00:00,1.0537,1.0829,1.0353,1.0804,57001137.0
2025-09-30 10:30:00+00:00,1.0804,1.0862,1.06,1.0785,30730841.0
2025-09-30 10:45:00+00:00,1.0785,1.0808,1.0592,1.0696,18056870.0
2025-09-30 11:00:00+00:00,1.0696,1.0819,1.0458,1.053,26479453.0
2025-09-30 11:15:00+00:00,1.0531,1.0691,1.0442,1.0552,30721028.0
2025-09-30 11:30:00+00:00,1.0552,1.09,1.0504,1.084,33350091.0
2025-09-30 11:45:00+00:00,1.084,1.0955,1.0806,1.0896,19940221.0
2025-09-30 12:00:00+00:00,1.0896,1.1028,1.0816,1.0843,15564793.0
2025-09-30 12:15:00+00:00,1.0844,1.1045,1.0805,1.0867,18850180.0
2025-09-30 12:30:00+00:00,1.0867,1.096,1.0733,1.0828,15412930.0
2025-09-30 12:45:00+00:00,1.0828,1.0866,1.0717,1.0736,9028738.0
2025-09-30 13:00:00+00:00,1.0737,1.0784,1.0621,1.0656,16271523.0
2025-09-30 13:15:00+00:00,1.0656,1.1111,1.0656,1.1103,31263429.0
2025-09-30 13:30:00+00:00,1.1103,1.1124,1.0825,1.0948,19705991.0
2025-09-30 13:45:00+00:00,1.0948,1.1,1.05,1.0539,33628883.0
2025-09-30 14:00:00+00:00,1.0539,1.0643,1.0297,1.0312,38821400.0
2025-09-30 14:15:00+00:00,1.0311,1.0429,1.0091,1.0101,48585338.0
2025-09-30 14:30:00+00:00,1.0101,1.0247,0.995,1.0006,61902267.0
2025-09-30 14:45:00+00:00,1.0005,1.0222,0.977,1.0114,92408089.0
2025-09-30 15:00:00+00:00,1.0114,1.0186,0.974,0.9837,55458808.0
2025-09-30 15:15:00+00:00,0.9838,0.9939,0.958,0.9615,56019035.0
2025-09-30 15:30:00+00:00,0.9615,0.9878,0.9555,0.9813,57743244.0
2025-09-30 15:45:00+00:00,0.981,0.9895,0.9743,0.9866,26330655.0
2025-09-30 16:00:00+00:00,0.9867,1.0355,0.9794,1.0209,75734437.0
2025-09-30 16:15:00+00:00,1.0208,1.033,1.0067,1.0313,30544855.0
2025-09-30 16:30:00+00:00,1.0312,1.0354,1.005,1.0126,29269940.0
2025-09-30 16:45:00+00:00,1.0123,1.0247,1.0079,1.0169,14218092.0
2025-09-30 17:00:00+00:00,1.0169,1.0216,0.998,1.0101,18583993.0
2025-09-30 17:15:00+00:00,1.0101,1.0347,1.0082,1.0311,21640487.0
2025-09-30 17:30:00+00:00,1.031,1.0592,1.0241,1.0485,41195051.0
2025-09-30 17:45:00+00:00,1.0485,1.0574,1.0456,1.0482,19868473.0
2025-09-30 18:00:00+00:00,1.0482,1.0559,1.0326,1.0393,18374410.0
2025-09-30 18:15:00+00:00,1.0393,1.0552,1.0302,1.0483,16425991.0
2025-09-30 18:30:00+00:00,1.0482,1.0492,1.036,1.041,10055062.0
2025-09-30 18:45:00+00:00,1.0411,1.0457,1.0296,1.0342,10692483.0
2025-09-30 19:00:00+00:00,1.0343,1.0445,1.0151,1.0205,16418981.0
2025-09-30 19:15:00+00:00,1.0206,1.0452,1.019,1.0448,11225775.0
2025-09-30 19:30:00+00:00,1.0448,1.0573,1.0358,1.045,11669731.0
2025-09-30 19:45:00+00:00,1.0452,1.0595,1.0336,1.0384,14000507.0
2025-09-30 20:00:00+00:00,1.0383,1.0415,1.022,1.0272,11411430.0
2025-09-30 20:15:00+00:00,1.0273,1.0451,1.027,1.0344,10231039.0
2025-09-30 20:30:00+00:00,1.0344,1.043,1.0286,1.0398,8111709.0
2025-09-30 20:45:00+00:00,1.0399,1.0862,1.0349,1.0742,34669360.0
2025-09-30 21:00:00+00:00,1.0743,1.0816,1.0626,1.0689,19712992.0
2025-09-30 21:15:00+00:00,1.0688,1.0697,1.0426,1.0445,11950358.0
2025-09-30 21:30:00+00:00,1.0444,1.0487,1.0286,1.0395,14860720.0
2025-09-30 21:45:00+00:00,1.0395,1.0417,1.0113,1.0138,15956460.0
2025-09-30 22:00:00+00:00,1.0137,1.0331,1.0063,1.0283,25644409.0
2025-09-30 22:15:00+00:00,1.0284,1.0424,1.0174,1.0176,16457134.0
2025-09-30 22:30:00+00:00,1.0176,1.024,1.0007,1.0065,14017634.0
2025-09-30 22:45:00+00:00,1.0065,1.0152,0.9861,0.9931,18345119.0
2025-09-30 23:00:00+00:00,0.9931,1.0031,0.9853,0.9969,15068510.0
2025-09-30 23:15:00+00:00,0.997,1.0217,0.9956,1.0089,19716262.0
2025-09-30 23:30:00+00:00,1.0089,1.0196,1.006,1.016,10283486.0
2025-09-30 23:45:00+00:00,1.0161,1.02,1.0103,1.0176,8343650.0
2025-10-01 00:00:00+00:00,1.0175,1.0466,1.0175,1.0391,18860494.0
2025-10-01 00:15:00+00:00,1.0392,1.0483,1.0278,1.0347,15999837.0
2025-10-01 00:30:00+00:00,1.0346,1.0363,1.0182,1.0207,12152063.0
2025-10-01 00:45:00+00:00,1.0207,1.042,1.0041,1.0411,24813313.0
2025-10-01 01:00:00+00:00,1.0411,1.0611,1.0309,1.0491,23831886.0
2025-10-01 01:15:00+00:00,1.0491,1.07,1.0347,1.0642,19968717.0
2025-10-01 01:30:00+00:00,1.0643,1.0721,1.0555,1.0596,21896424.0
2025-10-01 01:45:00+00:00,1.0597,1.0668,1.0519,1.0653,16949662.0
2025-10-01 02:00:00+00:00,1.0652,1.0668,1.0499,1.0582,22801060.0
2025-10-01 02:15:00+00:00,1.0583,1.064,1.0511,1.0549,12403104.0
2025-10-01 02:30:00+00:00,1.0549,1.055,1.0404,1.0434,9095208.0
2025-10-01 02:45:00+00:00,1.0434,1.05,1.025,1.0309,22354881.0
2025-10-01 03:00:00+00:00,1.0309,1.0387,1.0272,1.0367,8130801.0
2025-10-01 03:15:00+00:00,1.037,1.0372,1.0249,1.0272,9291473.0
2025-10-01 03:30:00+00:00,1.0271,1.0287,0.9731,0.9912,46192616.0
2025-10-01 03:45:00+00:00,0.9914,0.9916,0.95,0.9532,55118262.0
2025-10-01 04:00:00+00:00,0.953,0.9716,0.9159,0.9266,68442321.0
2025-10-01 04:15:00+00:00,0.9267,0.9374,0.9145,0.9209,37063986.0
2025-10-01 04:30:00+00:00,0.9208,0.9342,0.9023,0.904,43083598.0
2025-10-01 04:45:00+00:00,0.904,0.9088,0.8901,0.8996,40647749.0
2025-10-01 05:00:00+00:00,0.8997,0.9292,0.8982,0.915,32176621.0
2025-10-01 05:15:00+00:00,0.915,0.9244,0.9046,0.9158,21011071.0
2025-10-01 05:30:00+00:00,0.9157,0.937,0.9057,0.922,26990211.0
2025-10-01 05:45:00+00:00,0.922,0.9224,0.9078,0.9152,12590068.0
2025-10-01 06:00:00+00:00,0.9152,0.928,0.9032,0.9054,16085843.0
2025-10-01 06:15:00+00:00,0.9053,0.9298,0.9053,0.9271,19273374.0
2025-10-01 06:30:00+00:00,0.927,0.9352,0.9184,0.928,12875646.0
2025-10-01 06:45:00+00:00,0.928,0.9512,0.9207,0.9454,23955877.0
2025-10-01 07:00:00+00:00,0.9453,0.9588,0.9373,0.9532,19064363.0
2025-10-01 07:15:00+00:00,0.9532,0.9664,0.9466,0.9634,17338321.0
2025-10-01 07:30:00+00:00,0.9636,0.9663,0.9534,0.957,12284620.0
2025-10-01 07:45:00+00:00,0.957,0.9572,0.9336,0.9398,23860211.0
2025-10-01 08:00:00+00:00,0.9399,0.9626,0.9255,0.9581,23360229.0
2025-10-01 08:15:00+00:00,0.9582,0.9617,0.9423,0.957,17437310.0
2025-10-01 08:30:00+00:00,0.9569,0.9941,0.9545,0.9904,51953808.0
2025-10-01 08:45:00+00:00,0.9904,1.002,0.9706,0.9826,48666544.0
2025-10-01 09:00:00+00:00,0.9826,1.0751,0.9823,1.0593,138493253.0
2025-10-01 09:15:00+00:00,1.0592,1.08,1.0468,1.0748,44614185.0
2025-10-01 09:30:00+00:00,1.0747,1.0778,1.0529,1.0598,23953455.0
2025-10-01 09:45:00+00:00,1.0598,1.0707,1.055,1.0624,13644372.0
2025-10-01 10:00:00+00:00,1.0623,1.0709,1.0337,1.0364,33543708.0
2025-10-01 10:15:00+00:00,1.0365,1.0486,1.0338,1.0427,14698003.0
2025-10-01 10:30:00+00:00,1.0426,1.0426,1.0196,1.0305,21447222.0
2025-10-01 10:45:00+00:00,1.0304,1.0339,1.0218,1.026,9869000.0
2025-10-01 11:00:00+00:00,1.026,1.043,1.0242,1.0414,15164330.0
2025-10-01 11:15:00+00:00,1.0414,1.0866,1.0382,1.0787,35830404.0
2025-10-01 11:30:00+00:00,1.0785,1.09,1.0454,1.0507,43997558.0
2025-10-01 11:45:00+00:00,1.0508,1.0722,1.0419,1.0623,18986525.0
2025-10-01 12:00:00+00:00,1.0622,1.0699,1.0523,1.0677,16032394.0
2025-10-01 12:15:00+00:00,1.0676,1.0716,1.0542,1.0552,15632644.0
2025-10-01 12:30:00+00:00,1.0552,1.067,1.0448,1.0516,12347626.0
2025-10-01 12:45:00+00:00,1.0516,1.0543,1.0321,1.0366,15937336.0
2025-10-01 13:00:00+00:00,1.0366,1.0426,1.03,1.0416,10360830.0
2025-10-01 13:15:00+00:00,1.0415,1.074,1.0396,1.0641,18748911.0
2025-10-01 13:30:00+00:00,1.0642,1.0717,1.0495,1.0687,15173147.0
2025-10-01 13:45:00+00:00,1.0688,1.0693,1.0331,1.0543,19105298.0
2025-10-01 14:00:00+00:00,1.0542,1.0598,1.0364,1.043,16062402.0
2025-10-01 14:15:00+00:00,1.0429,1.0651,1.0394,1.0513,24014217.0
2025-10-01 14:30:00+00:00,1.0513,1.06,1.04,1.0515,16253304.0
2025-10-01 14:45:00+00:00,1.0516,1.0549,1.031,1.0416,20610057.0
2025-10-01 15:00:00+00:00,1.0415,1.0468,1.0089,1.0204,31243879.0
2025-10-01 15:15:00+00:00,1.0205,1.0409,1.0151,1.0356,18676851.0
2025-10-01 15:30:00+00:00,1.0356,1.0356,1.0096,1.017,17492311.0
2025-10-01 15:45:00+00:00,1.0171,1.0191,0.9182,0.9428,106421925.0
2025-10-01 16:00:00+00:00,0.9426,0.9649,0.9393,0.9597,36101037.0
2025-10-01 16:15:00+00:00,0.9597,0.9712,0.9538,0.9649,21262235.0
2025-10-01 16:30:00+00:00,0.9649,0.9747,0.9555,0.9638,20263375.0
2025-10-01 16:45:00+00:00,0.9638,0.9649,0.9,0.9255,53822825.0
2025-10-01 17:00:00+00:00,0.9257,0.9366,0.9161,0.9326,31654783.0
2025-10-01 17:15:00+00:00,0.9327,0.9538,0.9313,0.953,35351461.0
2025-10-01 17:30:00+00:00,0.9531,0.9563,0.9474,0.9537,21230126.0
